CUB-(2)								
	s^σ	s^(τ-2)*(P≥s)						
log_2^(s)		0.09761	0.09762	0.09763	0.09764	0.09765	0.09766	
0	1	1	1	1	1	1	1	
1	1.368124953	1.060944958	1.061173429	1.061381017	1.061213226	1.061219611	1.061332888	
2	1.871765887	1.106966901	1.107373328	1.107248237	1.107151843	1.107313119	1.107420388	
3	2.560809617	1.139934284	1.140518775	1.1402239	1.140389398	1.14060864	1.140980965	
4	3.503507537	1.161863396	1.162526109	1.162409473	1.162575706	1.162902729	1.163317614	
5	4.793236085	1.1755055	1.176411379	1.1765537	1.176922809	1.177116771	1.177777545	
6	6.557745895	1.183862618	1.184881081	1.185223659	1.185700757	1.186155212	1.186919325	
7	8.971815795	1.188681354	1.189510787	1.190127344	1.19094081	1.19142874	1.192430898	
8	12.27456506	1.1907402	1.191497296	1.192723484	1.194221206	1.194744763	1.195970977	
9	16.79313875	1.191283581	1.192153244	1.193768187	1.195774321	1.196890027	1.198444556	
10	22.97511217	1.19023251	1.191467543	1.19385713	1.196370385	1.19773583	1.20026527	
11	31.43282426	1.187912755	1.189801525	1.19307847	1.196412855	1.198735356	1.201633158	
12	43.00403122	1.184471398	1.187607978	1.191536811	1.195625644	1.199611185	1.204104507	
13	58.8348882	1.178939125	1.18382583	1.189879918	1.194537083	1.200316263	1.206571814	
14	80.49347866	1.171597808	1.178134297	1.186479454	1.193428186	1.201177996	1.209211139	
15	110.1251367	1.161293601	1.171443979	1.181832264	1.192114591	1.202989702	1.213586013	
16	150.6649475	1.147108128	1.161624361	1.175989704	1.18998336	1.205420319	1.219486177	
								
f(s)=s^(τ-2)*(P≥s)		g(s)=s^σ			p	d(f(2^16)-f(2^15)/d(g(2^16)-g(2^15))		
					0.09761	-0.000349915		
					0.09762	-0.028653917		
					0.09763	-0.000144119		
					0.09764	-5.25713E-05		
					0.09765	5.99563E-05		
					0.09766	0.00014554		
								
CUB-(4)								
	s^σ	s^(τ-2)*(P≥s)						
log_2^(s)		0.02101	0.02102	0.02103	0.02104	0.02105	0.02106	
0	1	1	1	1	1	1	1	
1	1.368124953	1.058181261	1.058321719	1.05825049	1.058369864	1.05839772	1.058627531	
2	1.871765887	1.102700659	1.102802785	1.103237249	1.103287074	1.103528097	1.103769625	
3	2.560809617	1.135237909	1.13551994	1.136275663	1.136402546	1.136945755	1.137526229	
4	3.503507537	1.157134528	1.157830127	1.158781344	1.159519569	1.160326365	1.161023711	
5	4.793236085	1.170572396	1.171766066	1.173568753	1.174616925	1.175978156	1.177040486	
6	6.557745895	1.177996067	1.180046539	1.18242486	1.184215999	1.1865209	1.188012625	
7	8.971815795	1.181103557	1.183937585	1.187492493	1.190443207	1.193778941	1.196427749	
8	12.27456506	1.180909541	1.184862767	1.189634989	1.194463112	1.198800715	1.202821368	
9	16.79313875	1.177675011	1.18340635	1.190152704	1.196903674	1.203154713	1.208916517	
10	22.97511217	1.171748408	1.179834726	1.18932374	1.19903998	1.207641162	1.215625816	
11	31.43282426	1.162611596	1.174362401	1.18728299	1.20043234	1.21300116	1.224357811	
12	43.00403122	1.149603894	1.166307233	1.184228572	1.202542342	1.219623548	1.236332145	
13	58.8348882	1.131394381	1.15480683	1.179746427	1.204705857	1.228876297	1.252050814	
14	80.49347866	1.105661105	1.139357236	1.173538073	1.207858659	1.240830939	1.274064463	
15	110.1251367	1.071072831	1.117504421	1.164198466	1.211864847	1.258265581	1.303668778	
16	150.6649475	1.024672001	1.087277505	1.151966505	1.216802129	1.281314727	1.344334496	
								
f(s)=s^(τ-2)*(P≥s)		g(s)=s^σ			p	d(f(2^16)-f(2^15)/d(g(2^16)-g(2^15))		
					0.02101	-0.001144574		
					0.02102	-0.026819995		
					0.02103	-0.000301727		
					0.02104	0.000121789		
					0.02105	0.000568556		
					0.02106	0.001003106		
								
CUB-(6)								
	s^σ	s^(τ-2)*(P≥s)						
log_2^(s)		0.007631	0.007632	0.007633	0.007634	0.007635	0.00763	
0	1	1	1	1	1	1	1	
1	1.368124953	1.05684974	1.0569102	1.057214046	1.057122652	1.057127646	1.057092541	
2	1.871765887	1.101332182	1.101200479	1.10150764	1.101610908	1.101847227	1.101464116	
3	2.560809617	1.13448439	1.134134176	1.134582426	1.134813574	1.135108865	1.134403186	
4	3.503507537	1.157200761	1.156972936	1.15744342	1.157667017	1.158387712	1.156939128	
5	4.793236085	1.172299537	1.17220255	1.172793056	1.17242346	1.173892739	1.171490823	
6	6.557745895	1.181643676	1.181778714	1.182590423	1.182619589	1.183856347	1.18071441	
7	8.971815795	1.187159873	1.187190847	1.188592206	1.188818369	1.190318095	1.185692098	
8	12.27456506	1.18990606	1.190562985	1.19182829	1.192589292	1.194855119	1.188370793	
9	16.79313875	1.191041461	1.19237428	1.194290209	1.195300899	1.19847984	1.189136561	
10	22.97511217	1.191062166	1.192946811	1.195624059	1.197502485	1.200597308	1.188415354	
11	31.43282426	1.190090571	1.192923482	1.196681456	1.199879377	1.203378719	1.186461667	
12	43.00403122	1.187701968	1.192421648	1.197381777	1.202158836	1.206358764	1.183099233	
13	58.8348882	1.184991867	1.191375626	1.198454998	1.20445809	1.211331726	1.177927979	
14	80.49347866	1.18096979	1.189878388	1.199155218	1.207982085	1.217197213	1.17108002	
15	110.1251367	1.176077649	1.187844324	1.200242265	1.212947103	1.225204107	1.161659561	
16	150.6649475	1.168156951	1.184934673	1.201691911	1.21926252	1.237053993	1.149353625	
								
f(s)=s^(τ-2)*(P≥s)		g(s)=s^σ			p	d(f(2^16)-f(2^15)/d(g(2^16)-g(2^15))		
					0.007631	-0.000195381		
					0.007632	-0.029228915		
					0.007633	3.57586E-05		
					0.007634	0.000155783		
					0.007635	0.000292302		
					0.00763	-0.000303552		
								
CUB-(8)								
	s^σ	s^(τ-2)*(P≥s)						
log_2^(s)		0.003581	0.003582	0.003583	0.003584	0.003585	0.00358	
0	1	1	1	1	1	1	1	
1	1.368124953	1.05611687	1.056582933	1.056323768	1.056320754	1.05644828	1.056272219	
2	1.871765887	1.09995921	1.100581353	1.100395715	1.100628376	1.100804371	1.100050141	
3	2.560809617	1.132778466	1.133155406	1.133457528	1.133798796	1.133916425	1.132498055	
4	3.503507537	1.15525119	1.156129644	1.156561168	1.156776747	1.157176035	1.154482716	
5	4.793236085	1.169986865	1.171138738	1.172038479	1.1723199	1.172977992	1.16887585	
6	6.557745895	1.178982005	1.180682496	1.182081201	1.182623074	1.183848024	1.177422286	
7	8.971815795	1.184385169	1.186911752	1.188420809	1.18975635	1.191419329	1.181506841	
8	12.27456506	1.187113551	1.190066274	1.192372918	1.195146215	1.197103568	1.183255063	
9	16.79313875	1.187784657	1.191771668	1.194919762	1.199410957	1.202434734	1.182385307	
10	22.97511217	1.187842914	1.192429477	1.197077938	1.202665839	1.207701692	1.179670793	
11	31.43282426	1.186511735	1.192234938	1.199596252	1.206895186	1.214410281	1.175525965	
12	43.00403122	1.183197482	1.19171895	1.201701744	1.212161452	1.222536109	1.169570721	
13	58.8348882	1.178069333	1.191290817	1.205057338	1.219448227	1.23325925	1.161112531	
14	80.49347866	1.170972869	1.189503609	1.20987028	1.229458502	1.248876988	1.148609625	
15	110.1251367	1.162055404	1.188456552	1.214922455	1.242825542	1.269972878	1.132099955	
16	150.6649475	1.149933981	1.18613855	1.22386289	1.261713833	1.298977483	1.108821454	
								
f(s)=s^(τ-2)*(P≥s)		g(s)=s^σ			p	d(f(2^16)-f(2^15)/d(g(2^16)-g(2^15))		
					0.003581	-0.000299001		
					0.003582	-0.029258611		
					0.003583	0.000220535		
					0.003584	0.00046592		
					0.003585	0.00071546		
					0.00358	-0.000574213		
								
CUB-(10)								
	s^σ	s^(τ-2)*(P≥s)						
log_2^(s)		0.001956	0.001957	0.001958	0.001959	0.00196	0.001961	
0	1	1	1	1	1	1	1	
1	1.368124953	1.055542569	1.055906572	1.055843459	1.056150452	1.056033035	1.056191505	
2	1.871765887	1.098925556	1.099713595	1.099651282	1.100203018	1.100172941	1.100480649	
3	2.560809617	1.130938972	1.132004969	1.132079941	1.132658321	1.133221318	1.133552214	
4	3.503507537	1.153051631	1.153821624	1.154805299	1.155546329	1.156334715	1.156800942	
5	4.793236085	1.166666922	1.168213012	1.169583283	1.170418948	1.17239767	1.173113786	
6	6.557745895	1.174039303	1.176618774	1.177455352	1.180587247	1.182955335	1.184662904	
7	8.971815795	1.176129063	1.180342906	1.18179392	1.186683075	1.189786591	1.193230204	
8	12.27456506	1.174520386	1.181166212	1.182715719	1.190641152	1.194359998	1.19880494	
9	16.79313875	1.170118711	1.178483817	1.182290667	1.191833158	1.198505347	1.205851455	
10	22.97511217	1.162783953	1.173974917	1.179964978	1.192734873	1.201407486	1.212784716	
11	31.43282426	1.151728431	1.167327226	1.176539473	1.193238793	1.205720538	1.220108759	
12	43.00403122	1.135886783	1.156288045	1.171389866	1.192931576	1.210468827	1.230357417	
13	58.8348882	1.113301737	1.141315064	1.163835883	1.19253397	1.217014091	1.243737788	
14	80.49347866	1.082380905	1.120708605	1.152919054	1.191264951	1.226062798	1.263332987	
15	110.1251367	1.040214602	1.091004076	1.138362631	1.191060515	1.238403133	1.289106021	
16	150.6649475	0.981094153	1.049796124	1.116713424	1.186292371	1.252467816	1.322083236	
								
f(s)=s^(τ-2)*(P≥s)		g(s)=s^σ			p	d(f(2^16)-f(2^15)/d(g(2^16)-g(2^15))		
					0.001956	-0.001458331		
					0.001957	-0.025895437		
					0.001958	-0.000534023		
					0.001959	-0.000117616		
					0.00196	0.000346935		
					0.001961	0.000813453		
								
CUB-(12)								
	s^σ	s^(τ-2)*(P≥s)						
log_2^(s)		0.001184	0.001185	0.001186	0.001187	0.001188		
0	1	1	1	1	1	1		
1	1.368124953	1.055002814	1.055157552	1.056073197	1.055713328	1.056274937		
2	1.871765887	1.098738897	1.098620314	1.10005697	1.100162333	1.10042723		
3	2.560809617	1.130857954	1.131336125	1.133133128	1.13346724	1.134462555		
4	3.503507537	1.152542006	1.153377982	1.15587346	1.156936423	1.159038426		
5	4.793236085	1.165488129	1.167869469	1.171504771	1.173308422	1.176642204		
6	6.557745895	1.172539717	1.175980468	1.180900326	1.184483674	1.188977086		
7	8.971815795	1.175316737	1.180427314	1.187323947	1.192380289	1.199620157		
8	12.27456506	1.173718585	1.182738503	1.191698595	1.199157457	1.208603315		
9	16.79313875	1.169928328	1.182189819	1.194023116	1.205458803	1.21793509		
10	22.97511217	1.162744707	1.179527273	1.196506232	1.212270586	1.229444289		
11	31.43282426	1.152316494	1.175322111	1.198974157	1.220135722	1.243367561		
12	43.00403122	1.137407882	1.170027211	1.201154471	1.231147695	1.264115632		
13	58.8348882	1.117291675	1.160495674	1.203257378	1.2464675	1.290874147		
14	80.49347866	1.089500488	1.148314317	1.208362434	1.26671282	1.328321428		
15	110.1251367	1.049202292	1.131079514	1.212618418	1.294030708	1.378880666		
16	150.6649475	0.983114028	1.095357402	1.20969677	1.323775703	1.43870074		
								
f(s)=s^(τ-2)*(P≥s)		g(s)=s^σ			p	d(f(2^16)-f(2^15)/d(g(2^16)-g(2^15))		
					0.001184	-0.001630207		
					0.001185	-0.027019302		
					0.001186	-7.20686E-05		
					0.001187	0.000733723		
					0.001188	0.001475588		
								
CUB-(14)								
	s^σ	s^(τ-2)*(P≥s)						
log_2^(s)		0.0007712	0.0007713	0.0007714	0.0007715	0.0007716		
0	1	1	1	1	1	1		
1	1.368124953	1.055917198	1.055711882	1.055634394	1.055583477	1.055507884		
2	1.871765887	1.100277654	1.09996577	1.099562544	1.100005206	1.099482019		
3	2.560809617	1.13301864	1.132815517	1.132447634	1.132717552	1.132418861		
4	3.503507537	1.155828048	1.155810085	1.155678098	1.155747582	1.156040477		
5	4.793236085	1.170526002	1.170621268	1.170733451	1.17137288	1.171735971		
6	6.557745895	1.179646955	1.179321141	1.180052953	1.181833257	1.182066706		
7	8.971815795	1.185263511	1.184139958	1.185954305	1.188788859	1.187982716		
8	12.27456506	1.188198197	1.186749145	1.189415084	1.192924022	1.191880517		
9	16.79313875	1.18894629	1.188316944	1.19206294	1.194845134	1.195470579		
10	22.97511217	1.189929725	1.188612236	1.192857004	1.19644217	1.197993242		
11	31.43282426	1.188410922	1.188020042	1.193885191	1.198656305	1.200229168		
12	43.00403122	1.186023007	1.187197183	1.194150893	1.199498395	1.203241292		
13	58.8348882	1.181931074	1.185099716	1.19406335	1.20205139	1.207748832		
14	80.49347866	1.177175538	1.182283419	1.193619789	1.203839352	1.212244444		
15	110.1251367	1.16683326	1.176147169	1.190420904	1.204605717	1.215588099		
								
								
f(s)=s^(τ-2)*(P≥s)		g(s)=s^σ			p	d(f(2^14)-f(2^13)/d(g(2^14)-g(2^13))		
					0.0007712	-0.000219568		
					0.0007713	-0.000130031		
					0.0007714	-2.04797E-05		
					0.0007715	8.25521E-05		
					0.0007716	0.000207567		
								
CUB-(16)								
	s^σ	s^(τ-2)*(P≥s)						
log_2^(s)		0.0005295	0.0005296	0.0005297	0.0005298	0.0005299		
0	1	1	1	1	1	1		
1	1.368124953	1.055496044	1.055489434	1.055344947	1.05575071	1.055476562		
2	1.871765887	1.0992091	1.099291046	1.099157896	1.099411374	1.099735409		
3	2.560809617	1.131950259	1.131773581	1.131683151	1.132467063	1.13260135		
4	3.503507537	1.155027784	1.15463543	1.154912617	1.155147369	1.155929826		
5	4.793236085	1.170139827	1.16957692	1.170504525	1.170592296	1.172023746		
6	6.557745895	1.179729109	1.178546657	1.180463385	1.180931575	1.182657901		
7	8.971815795	1.184638672	1.18364821	1.186818311	1.187143581	1.189507971		
8	12.27456506	1.187297977	1.186782554	1.190329879	1.190915397	1.194329962		
9	16.79313875	1.187829348	1.188432676	1.192403753	1.193581971	1.197589751		
10	22.97511217	1.186408762	1.188419912	1.193777128	1.195815895	1.200879273		
11	31.43282426	1.184353943	1.187314744	1.194640865	1.197713466	1.204682811		
12	43.00403122	1.181011657	1.185491688	1.194916429	1.199590026	1.208280715		
13	58.8348882	1.175547056	1.181898029	1.194956806	1.202371058	1.214327109		
14	80.49347866	1.167418095	1.177599954	1.193936062	1.205634603	1.221399366		
15	110.1251367	1.146634803	1.162594612	1.18314546	1.200450678	1.220993567		
								
								
f(s)=s^(τ-2)*(P≥s)		g(s)=s^σ			p	d(f(2^14)-f(2^13)/d(g(2^14)-g(2^13))		
					0.0005295	-0.000375323		
					0.0005296	-0.000198447		
					0.0005297	-4.71288E-05		
					0.0005298	0.000150681		
					0.0005299	0.000326534		
								
CUB-(18)								
	s^σ	s^(τ-2)*(P≥s)						
log_2^(s)		0.000379	0.0003791	0.0003792	0.0003793	0.0003794	0.0003795	
0	1	1	1	1	1	1	1	
1	1.368124953	1.055442365	1.055577404	1.055884554	1.055404943	1.055645494	1.055713941	
2	1.871765887	1.099233993	1.099702716	1.099220545	1.099602996	1.099296469	1.099557774	
3	2.560809617	1.131470824	1.132435929	1.131828761	1.132303515	1.132326122	1.132365019	
4	3.503507537	1.153905643	1.155241034	1.154415573	1.155336025	1.15483309	1.155385959	
5	4.793236085	1.168634061	1.1701065	1.169511322	1.16968593	1.170338192	1.170829329	
6	6.557745895	1.176562739	1.179023515	1.178653157	1.178712491	1.179814951	1.181124631	
7	8.971815795	1.181151521	1.184037537	1.183822613	1.184578668	1.186284973	1.18816478	
8	12.27456506	1.182458517	1.185947648	1.186511063	1.187466255	1.190843011	1.192831519	
9	16.79313875	1.181270743	1.184871367	1.187874437	1.189102321	1.193126265	1.196727813	
10	22.97511217	1.178698717	1.182594863	1.187408506	1.190423095	1.196148389	1.201507316	
11	31.43282426	1.17340373	1.179472398	1.185551525	1.190189647	1.19869195	1.206206267	
12	43.00403122	1.16538442	1.174919352	1.18285168	1.191386915	1.201623735	1.21180469	
13	58.8348882	1.154570421	1.167199805	1.178350229	1.191703915	1.205922142	1.218904401	
14	80.49347866	1.137243771	1.154379942	1.172947761	1.191420024	1.209308033	1.227495336	
15	110.1251367	1.086645154	1.112931991	1.139051398	1.164386475	1.189481897	1.215431093	
								
								
f(s)=s^(τ-2)*(P≥s)		g(s)=s^σ			p	d(f(2^14)-f(2^13)/d(g(2^14)-g(2^13))		
					0.000379	-0.00079999		
					0.0003791	-0.000591907		
					0.0003792	-0.000249438		
					0.0003793	-1.31075E-05		
					0.0003794	0.00015633		
					0.0003795	0.000396653		
								
CUB-(20)								
	s^σ	s^(τ-2)*(P≥s)						
log_2^(s)		0.0002806	0.0002807	0.0002808	0.0002809	0.000281	0.0002811	0.0002812
0	1	1	1	1	1	1	1	1
1	1.368124953	1.055048755	1.055645266	1.055310944	1.055351785	1.055456093	1.055500504	1.054949392
2	1.871765887	1.098560865	1.099385495	1.098992651	1.099342708	1.099737491	1.099649379	1.098894007
3	2.560809617	1.131053087	1.131801955	1.131646161	1.131883047	1.132841892	1.132411325	1.132319868
4	3.503507537	1.152649227	1.154279346	1.154417174	1.154847465	1.156418476	1.155555092	1.155986198
5	4.793236085	1.166253828	1.168431705	1.169036041	1.170521705	1.171286573	1.172278186	1.171920271
6	6.557745895	1.174823058	1.17756266	1.178115325	1.17972308	1.18188629	1.182789383	1.184266203
7	8.971815795	1.17862619	1.183225842	1.183592746	1.185933628	1.188940802	1.190739528	1.191525783
8	12.27456506	1.178699388	1.184853571	1.186766408	1.189891171	1.1935525	1.196591749	1.198760381
9	16.79313875	1.177473518	1.184598956	1.187023339	1.192400187	1.197090185	1.20175877	1.205219042
10	22.97511217	1.17338353	1.18256267	1.187233513	1.194359384	1.200183129	1.207539684	1.213011938
11	31.43282426	1.167163193	1.178965804	1.186362882	1.195451089	1.204288208	1.214361421	1.222590415
12	43.00403122	1.157027586	1.173362454	1.184677755	1.196480162	1.209760534	1.223935317	1.235194712
13	58.8348882	1.143560037	1.164528948	1.181027776	1.198334735	1.217160776	1.235209965	1.252446357
14	80.49347866	1.121221579	1.147575018	1.171603098	1.196426782	1.22052774	1.247743351	1.269677705
15	110.1251367	1.03344902	1.070178139	1.105979933	1.140952679	1.175572374	1.212853181	1.246533781
								
								
f(s)=s^(τ-2)*(P≥s)		g(s)=s^σ			p	d(f(2^13)-f(2^12)/d(g(2^13)-g(2^12))		
					0.0002806	-0.000850715		
					0.0002807	-0.000557993		
					0.0002808	-0.000230561		
					0.0002809	0.000117149		
					0.000281	0.000467457		
					0.0002811	0.000712194		
					0.0002812	0.001089748		
								
CUB-(22)								
	s^σ	s^(τ-2)*(P≥s)						
log_2^(s)		0.0002136	0.0002137	0.0002138	0.0002139	0.000214	0.0002141	0.0002142
0	1	1	1	1	1	1	1	1
1	1.368124953	1.055501336	1.055293509	1.055072865	1.055857633	1.055594721	1.055560038	1.055685898
2	1.871765887	1.099131739	1.098358339	1.09904511	1.099920099	1.099719356	1.099841165	1.100044139
3	2.560809617	1.131393238	1.130929193	1.131762095	1.133088061	1.133229191	1.133422369	1.133952976
4	3.503507537	1.154124711	1.153754398	1.155056595	1.156481476	1.157013959	1.157264425	1.158554573
5	4.793236085	1.168560699	1.168690594	1.170120992	1.172591585	1.173326629	1.173619349	1.176038973
6	6.557745895	1.177570593	1.177182757	1.180634493	1.183024186	1.185230343	1.186323541	1.18892826
7	8.971815795	1.181788896	1.1816864	1.186284629	1.190826697	1.194572694	1.195328111	1.199440815
8	12.27456506	1.183752315	1.184884119	1.190701225	1.196732675	1.202850933	1.203553088	1.209957255
9	16.79313875	1.183792211	1.186529465	1.19474123	1.200817634	1.21002859	1.212717448	1.219557051
10	22.97511217	1.182540586	1.187885345	1.198878576	1.20710795	1.217125196	1.223104355	1.231270986
11	31.43282426	1.178119164	1.188238112	1.20034962	1.212813212	1.227977302	1.236550164	1.248914262
12	43.00403122	1.171130091	1.18643109	1.203930107	1.22135302	1.240820452	1.253943463	1.27110513
13	58.8348882	1.161971343	1.182586593	1.207057553	1.231298376	1.256956782	1.276515852	1.301178585
14	80.49347866	1.135069807	1.165798478	1.199348553	1.231430369	1.267957476	1.296610844	1.331421188
15	110.1251367	0.990313065	1.036369471	1.086978197	1.133168064	1.187054703	1.230576608	1.282922892
								
								
f(s)=s^(τ-2)*(P≥s)		g(s)=s^σ			p	d(f(2^13)-f(2^12)/d(g(2^13)-g(2^12))		
					0.0002136	-0.000578538		
					0.0002137	-0.000242848		
					0.0002138	0.000197554		
					0.0002139	0.000628226		
					0.000214	0.001019296		
					0.0002141	0.001425848		
					0.0002142	0.001899673		
