SC-1										
	s^考	s^(而-2)*(P≡s)								
log_2^(s)		0.3111	0.3112	0.3113	0.3114	0.3115	0.3116	0.3117	0.3118	0.3119
0	1	1	1	1	1	1	1	1	1	1
1	1.368124953	1.018232837	1.018403237	1.018397828	1.018589581	1.018573161	1.018692085	1.018746941	1.018925585	1.019098193
2	1.871765887	1.060534364	1.060964108	1.06102409	1.061432579	1.061532612	1.061856431	1.061960949	1.062347171	1.06251885
3	2.560809617	1.093052003	1.093847393	1.094021992	1.094616085	1.094825373	1.095547006	1.095656478	1.096341202	1.096780808
4	3.503507537	1.11433175	1.115505934	1.115948984	1.116724806	1.117306308	1.118397999	1.118627822	1.119595876	1.120386156
5	4.793236085	1.127229209	1.12878172	1.129689005	1.130778628	1.131895718	1.133378762	1.134113521	1.135503022	1.136627637
6	6.557745895	1.133645889	1.135726995	1.137287726	1.139167115	1.140527505	1.14287189	1.144056081	1.145965132	1.147881509
7	8.971815795	1.134984511	1.138052798	1.140485701	1.143150647	1.145343531	1.148538748	1.150554936	1.153202438	1.156053765
8	12.27456506	1.132537249	1.136758018	1.140247238	1.144202468	1.147532443	1.151729417	1.154994394	1.158785591	1.162732609
9	16.79313875	1.126305624	1.131993222	1.137491961	1.142892303	1.14771136	1.153314722	1.158300002	1.163669506	1.168990202
10	22.97511217	1.116280805	1.124085536	1.131833043	1.139233372	1.14635626	1.154245251	1.161021194	1.168573062	1.176277707
11	31.43282426	1.101675028	1.112311284	1.123007966	1.133264728	1.14346781	1.15434187	1.1640711	1.174553579	1.185405085
12	43.00403122	1.081202226	1.095789098	1.110549613	1.124898085	1.139271672	1.154012196	1.168181777	1.182439727	1.197395149
13	58.8348882	1.052778699	1.073121306	1.093372616	1.113138044	1.133281022	1.153609544	1.17348097	1.19322114	1.21351808
14	80.49347866	1.014113527	1.042182346	1.069903305	1.096930277	1.124881244	1.152890499	1.180597757	1.207746306	1.235583449
15	110.1251367	0.961928223	0.999822666	1.037448517	1.075384958	1.113481418	1.151781097	1.190019724	1.228101926	1.265883123
16	150.6649475	0.891724829	0.942508711	0.993627954	1.045514978	1.097796673	1.150297962	1.203145326	1.255505997	1.307509662
										
f(s)=s^(而-2)*(P≡s)		g(s)=s^考			p	d(f(2^16)-f(2^15)/d(g(2^16)-g(2^15))				
					0.3111	-0.001731715				
					0.3112	-0.023248967				
					0.3113	-0.001080927				
					0.3114	-0.000736806				
					0.3115	-0.000386897				
					0.3116	-3.65847E-05				
					0.3117	0.000323771				
					0.3118	0.000675979				
					0.3119	0.001026806				
										
SC-2										
	s^考	s^(而-2)*(P≡s)								
log_2^(s)		0.199	0.1991	0.1992	0.1993	0.1994				
0	1	1	1	1	1	1				
1	1.368124953	1.060598511	1.060524891	1.06051729	1.060778918	1.061085871				
2	1.871765887	1.108797672	1.108953013	1.109113509	1.109597196	1.110037586				
3	2.560809617	1.140467876	1.141276805	1.141635832	1.142286103	1.143214291				
4	3.503507537	1.160325305	1.161500208	1.162349494	1.163327279	1.165121719				
5	4.793236085	1.171554028	1.172911427	1.175081525	1.176138699	1.178756874				
6	6.557745895	1.17650532	1.179378729	1.182276987	1.184212037	1.187676952				
7	8.971815795	1.177744589	1.181662284	1.186504812	1.189278099	1.193864976				
8	12.27456506	1.176433326	1.181800679	1.188156064	1.192238201	1.199007441				
9	16.79313875	1.171983837	1.17986916	1.188050397	1.194836664	1.203957381				
10	22.97511217	1.165030379	1.175878247	1.187688633	1.197227135	1.209719008				
11	31.43282426	1.153925927	1.169943556	1.186231319	1.200373643	1.216909008				
12	43.00403122	1.13937624	1.161372511	1.184618484	1.204448803	1.227231646				
13	58.8348882	1.119612296	1.150054231	1.181163519	1.209745682	1.24102382				
14	80.49347866	1.092532983	1.135137702	1.177740344	1.216768301	1.259603556				
15	110.1251367	1.056077096	1.113693932	1.172428219	1.226549232	1.28497755				
16	150.6649475	1.006008426	1.084555325	1.164464744	1.24037942	1.319831987				
										
f(s)=s^(而-2)*(P≡s)		g(s)=s^考			p	d(f(2^16)-f(2^15)/d(g(2^16)-g(2^15))				
					0.199	-0.001235049				
					0.1991	-0.026752846				
					0.1992	-0.000196436				
					0.1993	0.000341151				
					0.1994	0.000859758				
										
SC-12										
	s^考	s^(而-2)*(P≡s)								
log_2^(s)		0.1371	0.1372	0.1373	0.1374	0.1375				
0	1	1	1	1	1	1				
1	1.368124953	1.059752422	1.059957965	1.060133649	1.06028392	1.060467959				
2	1.871765887	1.107193964	1.107717574	1.108257827	1.108589199	1.109135114				
3	2.560809617	1.139167628	1.140135922	1.141159272	1.142167986	1.142847632				
4	3.503507537	1.159273304	1.160852629	1.162527958	1.164198929	1.1657106				
5	4.793236085	1.170862995	1.173323466	1.17575409	1.178422345	1.18070137				
6	6.557745895	1.176398865	1.180261943	1.183650028	1.18775399	1.191198371				
7	8.971815795	1.177580193	1.182815513	1.18809458	1.193945235	1.199135321				
8	12.27456506	1.174925883	1.182704297	1.190376665	1.198788861	1.206391411				
9	16.79313875	1.169649972	1.180652998	1.191643563	1.203302667	1.21427287				
10	22.97511217	1.16106753	1.176877177	1.192114805	1.208253024	1.223678088				
11	31.43282426	1.148610579	1.170493954	1.19195225	1.214174116	1.235719132				
12	43.00403122	1.13110764	1.161454262	1.191540119	1.222324686	1.252490831				
13	58.8348882	1.107602501	1.149454291	1.190985857	1.233154263	1.275130895				
14	80.49347866	1.075174854	1.132619321	1.190641388	1.24820352	1.305959966				
15	110.1251367	1.031171709	1.110222859	1.189560158	1.268869934	1.348158098				
16	150.6649475	0.971787666	1.079919516	1.188185522	1.296820924	1.405746728				
										
f(s)=s^(而-2)*(P≡s)		g(s)=s^考			p	d(f(2^16)-f(2^15)/d(g(2^16)-g(2^15))				
					0.1371	-0.001464833				
					0.1372	-0.026638494				
					0.1373	-3.39083E-05				
					0.1374	0.00068947				
					0.1375	0.001420545				
										
SC-3										
	s^考	s^(而-2)*(P≡s)								
log_2^(s)		0.2457	0.2458	0.2459	0.246	0.2461	0.2462			
0	1	1	1	1	1	1	1			
1	1.368124953	1.02058919	1.020764331	1.020765644	1.020716805	1.02117936	1.021201597			
2	1.871765887	1.074352305	1.074453209	1.074535356	1.074560391	1.075381269	1.075543607			
3	2.560809617	1.107924388	1.108310258	1.108761265	1.108851399	1.110151522	1.110329758			
4	3.503507537	1.130051309	1.130803065	1.131549771	1.132128659	1.133833726	1.134475733			
5	4.793236085	1.143789871	1.145053282	1.146460588	1.14735159	1.149729895	1.15092708			
6	6.557745895	1.151588977	1.153614425	1.155559973	1.157085995	1.160340359	1.162297439			
7	8.971815795	1.154659094	1.15786221	1.160639939	1.163053723	1.167514838	1.170774195			
8	12.27456506	1.154489127	1.159375248	1.162924657	1.166844256	1.172880626	1.177222109			
9	16.79313875	1.151348022	1.158036343	1.163744077	1.169458229	1.177495677	1.183613156			
10	22.97511217	1.145338965	1.154809876	1.162929117	1.171371423	1.182282287	1.191315322			
11	31.43282426	1.13599811	1.149426372	1.161538521	1.173364601	1.187498249	1.200340391			
12	43.00403122	1.123462356	1.141728134	1.158869323	1.175782162	1.193972474	1.212336552			
13	58.8348882	1.106270933	1.130454254	1.154778737	1.177840534	1.203722443	1.228320465			
14	80.49347866	1.082143156	1.115879087	1.149090558	1.181073183	1.216388972	1.250557503			
15	110.1251367	1.04928261	1.095261476	1.141625893	1.186286916	1.233476873	1.279853817			
16	150.6649475	1.004615834	1.067101838	1.130303936	1.192801186	1.257368356	1.321002175			
										
f(s)=s^(而-2)*(P≡s)		g(s)=s^考			p	d(f(2^16)-f(2^15)/d(g(2^16)-g(2^15))				
					0.2457	-0.0011018				
					0.2458	-0.026322319				
					0.2459	-0.00027928				
					0.246	0.000160688				
					0.2461	0.000589334				
					0.2462	0.001015011				
										
SC-13										
	s^考	s^(而-2)*(P≡s)								
log_2^(s)		0.1358	0.1359	0.136	0.1361	0.1362	0.1363	0.1364	0.1365	0.1366
0	1	1	1	1	1	1	1	1	1	1
1	1.368124953	0.992213842	0.992541457	0.992825825	0.992948974	0.993232226	0.993488884	0.993664366	0.994114099	0.994066337
2	1.871765887	1.034289129	1.03497403	1.035438129	1.035728741	1.036318577	1.036818682	1.037275436	1.038008546	1.038227007
3	2.560809617	1.064304903	1.065367051	1.066240028	1.066851566	1.068007109	1.068788522	1.069780039	1.070855903	1.071350057
4	3.503507537	1.084851896	1.086654862	1.088316287	1.089347165	1.090998787	1.092485167	1.09404758	1.0955995	1.096833337
5	4.793236085	1.097781824	1.100251342	1.10281154	1.104783308	1.107259779	1.109449348	1.111943959	1.114217547	1.11624973
6	6.557745895	1.104324523	1.107768207	1.111488479	1.114650352	1.118282343	1.121652155	1.125371979	1.128961077	1.132180823
7	8.971815795	1.105349755	1.110471177	1.11592012	1.120927385	1.125945234	1.130737211	1.136276192	1.141285946	1.146027036
8	12.27456506	1.101645323	1.109065791	1.116556412	1.123771819	1.131259888	1.138155835	1.145663764	1.153252412	1.160293204
9	16.79313875	1.093665472	1.103984996	1.114345448	1.124848843	1.135081179	1.145574582	1.155994427	1.166420356	1.176830344
10	22.97511217	1.080621509	1.095101416	1.109386835	1.124492604	1.138666093	1.153314138	1.167659417	1.182618518	1.197225866
11	31.43282426	1.061255966	1.081789	1.10174918	1.122300295	1.142559345	1.163001815	1.182948761	1.203727886	1.224186407
12	43.00403122	1.033800347	1.062590651	1.090442193	1.118993376	1.147015296	1.175576069	1.203496144	1.231942169	1.260456532
13	58.8348882	0.996347778	1.036056045	1.074491297	1.11407097	1.153053562	1.192322141	1.231173342	1.269839778	1.309576723
14	80.49347866	0.945942329	0.999827413	1.052962584	1.10726457	1.161399991	1.215147449	1.268831168	1.322611935	1.375800184
15	110.1251367	0.877220797	0.950392257	1.023338236	1.097788008	1.172282859	1.24628753	1.319769927	1.39326192	1.466151836
16	150.6649475	0.785996206	0.883811475	0.982822843	1.084482599	1.18719483	1.288739013	1.389367087	1.489145974	1.586917907
										
f(s)=s^(而-2)*(P≡s)		g(s)=s^考			p	d(f(2^16)-f(2^15)/d(g(2^16)-g(2^15))				
					0.1358	-0.002250247				
					0.1359	-0.021801075				
					0.136	-0.000999398				
					0.1361	-0.000328206				
					0.1362	0.000367835				
					0.1363	0.001047155				
					0.1364	0.001716761				
					0.1365	0.002365183				
					0.1366	0.00297895				
										
SC-23										
	s^考	s^(而-2)*(P≡s)								
log_2^(s)		0.1034	0.1035	0.1036	0.1037	0.1038	0.1039	0.104	0.1041	0
0	1	1	1	1	1	1	1	1	1	0
1	1.368124953	1.011479541	1.011843841	1.012155704	1.012241452	1.012669677	1.012788889	1.01308589	1.013555965	0
2	1.871765887	1.058143131	1.058801331	1.059527924	1.059948504	1.060710883	1.060956647	1.061660915	1.062625884	0
3	2.560809617	1.093507494	1.094687332	1.095746745	1.096804012	1.097997674	1.099008031	1.10027233	1.101526782	0
4	3.503507537	1.115319528	1.117156942	1.119127625	1.120884629	1.122875381	1.124653542	1.126820497	1.128739318	0
5	4.793236085	1.127638976	1.130416724	1.133631711	1.136715732	1.139545707	1.142277621	1.145252834	1.148752681	0
6	6.557745895	1.13241989	1.136736417	1.14157663	1.146286032	1.150395856	1.154694328	1.159162441	1.164646377	0
7	8.971815795	1.130915605	1.137577326	1.144611744	1.151449719	1.158060272	1.164445763	1.170362018	1.178485731	0
8	12.27456506	1.124030854	1.133769597	1.143636843	1.15341104	1.163212847	1.172248212	1.181457327	1.192185369	0
9	16.79313875	1.111667347	1.125443631	1.139478907	1.153469373	1.167058227	1.180517307	1.192870093	1.208129169	0
10	22.97511217	1.093028975	1.112604443	1.132137354	1.151391157	1.170782075	1.189919348	1.207776225	1.228662664	0
11	31.43282426	1.066370305	1.093565806	1.120941337	1.147374087	1.174374272	1.201375652	1.226610356	1.255248534	0
12	43.00403122	1.029502318	1.067146693	1.105016652	1.141815567	1.179464631	1.217034635	1.252453814	1.291689068	0
13	58.8348882	0.979465688	1.030970789	1.083008805	1.133921648	1.185712856	1.237847822	1.287562966	1.340177743	0
14	80.49347866	0.911729152	0.981450991	1.052810254	1.122637151	1.1938213	1.266069025	1.335344912	1.406583381	0
15	110.1251367	0.821074152	0.914624027	1.011436897	1.107392777	1.205296989	1.304345203	1.399894554	1.496582765	0
16	150.6649475	0.702574165	0.825426724	0.955343794	1.086740342	1.221488723	1.357061265	1.487070308	1.61748167	0
										
f(s)=s^(而-2)*(P≡s)		g(s)=s^考			p	d(f(2^16)-f(2^15)/d(g(2^16)-g(2^15))				
					0.1034	-0.002923052				
					0.1035	-0.020360892				
					0.1036	-0.001383655				
					0.1037	-0.000509436				
					0.1038	0.000399403				
					0.1039	0.001300353				
					0.104	0.002150374				
					0.1041	0.002982227				
					0	0				
										
SC-123										
	s^考	s^(而-2)*(P≡s)								
log_2^(s)		0.09761	0.09762	0.09763	0.09764	0.09765	0.09766			
0	1	1	1	1	1	1	1			
1	1.368124953	1.060944958	1.061173429	1.061381017	1.061213226	1.061219611	1.061332888			
2	1.871765887	1.106966901	1.107373328	1.107248237	1.107151843	1.107313119	1.107420388			
3	2.560809617	1.139934284	1.140518775	1.1402239	1.140389398	1.14060864	1.140980965			
4	3.503507537	1.161863396	1.162526109	1.162409473	1.162575706	1.162902729	1.163317614			
5	4.793236085	1.1755055	1.176411379	1.1765537	1.176922809	1.177116771	1.177777545			
6	6.557745895	1.183862618	1.184881081	1.185223659	1.185700757	1.186155212	1.186919325			
7	8.971815795	1.188681354	1.189510787	1.190127344	1.19094081	1.19142874	1.192430898			
8	12.27456506	1.1907402	1.191497296	1.192723484	1.194221206	1.194744763	1.195970977			
9	16.79313875	1.191283581	1.192153244	1.193768187	1.195774321	1.196890027	1.198444556			
10	22.97511217	1.19023251	1.191467543	1.19385713	1.196370385	1.19773583	1.20026527			
11	31.43282426	1.187912755	1.189801525	1.19307847	1.196412855	1.198735356	1.201633158			
12	43.00403122	1.184471398	1.187607978	1.191536811	1.195625644	1.199611185	1.204104507			
13	58.8348882	1.178939125	1.18382583	1.189879918	1.194537083	1.200316263	1.206571814			
14	80.49347866	1.171597808	1.178134297	1.186479454	1.193428186	1.201177996	1.209211139			
15	110.1251367	1.161293601	1.171443979	1.181832264	1.192114591	1.202989702	1.213586013			
16	150.6649475	1.147108128	1.161624361	1.175989704	1.18998336	1.205420319	1.219486177			
										
f(s)=s^(而-2)*(P≡s)		g(s)=s^考			p	d(f(2^16)-f(2^15)/d(g(2^16)-g(2^15))				
					0.09761	-0.000349915				
					0.09762	-0.028653917				
					0.09763	-0.000144119				
					0.09764	-5.25713E-05				
					0.09765	5.99563E-05				
					0.09766	0.00014554				
										
SC-4										
	s^考	s^(而-2)*(P≡s)								
log_2^(s)		0.3111	0.3112	0.3113	0.3114	0.3115	0.3116	0.3117	0.3118	0.3119
0	1	1	1	1	1	1	1	1	1	1
1	1.368124953	1.018231645	1.018407039	1.018371912	1.018578617	1.01857243	1.018707378	1.018765181	1.018892298	1.019112232
2	1.871765887	1.060531176	1.060970913	1.061024367	1.061425814	1.061549118	1.061870981	1.062000432	1.062317548	1.06255103
3	2.560809617	1.093048481	1.093853989	1.09403767	1.094592628	1.094811992	1.095543708	1.095689374	1.096311324	1.096861188
4	3.503507537	1.114331926	1.115487465	1.116012502	1.116678181	1.117294393	1.118346907	1.118642377	1.119584837	1.12048387
5	4.793236085	1.127225765	1.128748319	1.129689602	1.130703338	1.131847632	1.133340843	1.134143296	1.135500217	1.136716365
6	6.557745895	1.133644817	1.135708866	1.137318436	1.139070674	1.140539843	1.142858165	1.144064073	1.145906027	1.14798834
7	8.971815795	1.134979028	1.138032237	1.140498678	1.143055102	1.145451802	1.148558765	1.150567919	1.153121825	1.156150236
8	12.27456506	1.1325301	1.136725901	1.140275742	1.144097039	1.147643692	1.15179669	1.155019445	1.158735881	1.162892482
9	16.79313875	1.126290733	1.131972673	1.137537794	1.142771776	1.147858501	1.153357572	1.158317598	1.163638573	1.169188016
10	22.97511217	1.11627283	1.123995973	1.131878769	1.139138089	1.146448966	1.154271797	1.161005371	1.168538937	1.176505385
11	31.43282426	1.10168916	1.112249747	1.123000763	1.133142357	1.143596387	1.154422138	1.164112885	1.174525933	1.185632101
12	43.00403122	1.081205378	1.09572378	1.110535908	1.124756779	1.139390256	1.154179929	1.168225863	1.18245451	1.197584643
13	58.8348882	1.052800134	1.073055921	1.09330792	1.113017755	1.133460365	1.153779063	1.173480133	1.193216973	1.21372096
14	80.49347866	1.014151023	1.042150704	1.069789645	1.096816124	1.124891892	1.153012601	1.180573245	1.207728283	1.235758054
15	110.1251367	0.961966399	0.999763083	1.037361745	1.075236692	1.113500331	1.151861637	1.190002608	1.228082625	1.266021057
16	150.6649475	0.891812237	0.942423515	0.993506194	1.045366631	1.097753939	1.150270129	1.203092795	1.255450089	1.307625012
										
f(s)=s^(而-2)*(P≡s)		g(s)=s^考			p	d(f(2^16)-f(2^15)/d(g(2^16)-g(2^15))				
					0.3111	-0.0017305				
					0.3112	-0.023246865				
					0.3113	-0.00108179				
					0.3114	-0.000736808				
					0.3115	-0.000388418				
					0.3116	-3.92579E-05				
					0.3117	0.000322897				
					0.3118	0.000675076				
					0.3119	0.001026249				
										
SC-14										
	s^考	s^(而-2)*(P≡s)								
log_2^(s)		0.1501	0.1502	0.1503	0.1504	0.1505	0.1506	0.1507	0.1508	0.1509
0	1	1	1	1	1	1	1	1	1	1
1	1.368124953	0.978021532	0.978377553	0.978587963	0.978697231	0.978938774	0.979207914	0.979446612	0.979753155	0.980020483
2	1.871765887	0.977222456	0.977670889	0.978172039	0.978592721	0.979096347	0.979730196	0.980096366	0.980746661	0.981365249
3	2.560809617	0.982623927	0.983681304	0.984568624	0.985100008	0.986175921	0.987076592	0.988101439	0.989007519	0.98991104
4	3.503507537	0.991778495	0.993250309	0.994778985	0.995882414	0.997525263	0.998792901	1.000310297	1.001855931	1.003199673
5	4.793236085	1.000373621	1.002344316	1.004582564	1.006812981	1.009041912	1.010884508	1.013117239	1.015326224	1.017424688
6	6.557745895	1.005964472	1.008910585	1.012276953	1.015330863	1.01867568	1.0214193	1.02475445	1.027905577	1.031372398
7	8.971815795	1.008317244	1.012727752	1.017439576	1.021691004	1.026641736	1.030667423	1.03529889	1.039769071	1.044752464
8	12.27456506	1.007158102	1.013659775	1.020144908	1.026202054	1.03315161	1.038965751	1.045677724	1.052132616	1.058869612
9	16.79313875	1.00251821	1.011669994	1.021091237	1.029806303	1.039072246	1.047400076	1.056706592	1.066029827	1.07522845
10	22.97511217	0.994307849	1.007165322	1.020023595	1.032607108	1.045344594	1.057486838	1.070163856	1.082850628	1.096041137
11	31.43282426	0.981680213	0.999584892	1.017061165	1.034766019	1.052528787	1.069526868	1.087238314	1.104908264	1.122881166
12	43.00403122	0.963803387	0.988152819	1.012265567	1.036878941	1.06128519	1.08551488	1.109619921	1.13422082	1.158521509
13	58.8348882	0.938453999	0.971870955	1.004980383	1.039132906	1.073008783	1.106250543	1.139918665	1.173772895	1.206840932
14	80.49347866	0.903232271	0.949187331	0.995007359	1.042101018	1.088528387	1.13453924	1.180449188	1.227084105	1.27247911
15	110.1251367	0.855605768	0.918206811	0.980931645	1.045636167	1.109702638	1.172953796	1.235983499	1.299306108	1.360846202
16	150.6649475	0.790896606	0.876104242	0.96252762	1.050367589	1.137938161	1.225142555	1.311255892	1.396260896	1.478966742
										
f(s)=s^(而-2)*(P≡s)		g(s)=s^考			p	d(f(2^16)-f(2^15)/d(g(2^16)-g(2^15))				
					0.1501	-0.001596188				
					0.1502	-0.02161096				
					0.1503	-0.000453974				
					0.1504	0.000116711				
					0.1505	0.000696489				
					0.1506	0.001287346				
					0.1507	0.001856752				
					0.1508	0.002391594				
					0.1509	0.002913692				
										
SC-24										
	s^考	s^(而-2)*(P≡s)								
log_2^(s)		0.1358	0.1359	0.136	0.1361	0.1362	0.1363	0.1364	0.1365	0.1366
0	1	1	1	1	1	1	1	1	1	1
1	1.368124953	1.057587682	1.05785846	1.057886561	1.058033573	1.058358333	1.058435154	1.058598056	1.058740429	1.059078133
2	1.871765887	1.100153275	1.100800627	1.10108246	1.10161853	1.10217609	1.102318614	1.10288546	1.10325973	1.104040548
3	2.560809617	1.130339554	1.131310423	1.13199098	1.133010409	1.134041273	1.134486398	1.135596972	1.136174513	1.137392976
4	3.503507537	1.149706375	1.151271459	1.152950514	1.154215704	1.155664205	1.157122658	1.158754766	1.159990147	1.161800717
5	4.793236085	1.160412466	1.162824837	1.165503935	1.167706121	1.170036066	1.172370678	1.174665894	1.176971696	1.179637047
6	6.557745895	1.164690527	1.168619152	1.172388983	1.175544935	1.179426338	1.182637735	1.186505234	1.18974405	1.193712279
7	8.971815795	1.163842063	1.16939172	1.175051417	1.179907095	1.185839856	1.190838445	1.195846909	1.201121833	1.206787183
8	12.27456506	1.158760496	1.166588219	1.174557294	1.18210298	1.189776138	1.197490486	1.204771143	1.212784233	1.220416036
9	16.79313875	1.149360327	1.160303593	1.171546984	1.182562906	1.193008317	1.204333253	1.214984698	1.22565954	1.236925676
10	22.97511217	1.134942398	1.150584018	1.16590592	1.181465633	1.196231581	1.212349182	1.227139879	1.242102253	1.257980236
11	31.43282426	1.114331539	1.136522385	1.157213789	1.179534853	1.199912005	1.222466933	1.243677004	1.264282965	1.286332321
12	43.00403122	1.085826463	1.116310006	1.1450061	1.176176859	1.205029175	1.235732544	1.265346058	1.294219269	1.324779984
13	58.8348882	1.046982126	1.088864226	1.128433009	1.171651062	1.212000946	1.254195893	1.295421427	1.335100595	1.377381018
14	80.49347866	0.994755349	1.050906813	1.106620755	1.165231353	1.221616926	1.278710086	1.335597124	1.391564652	1.448496547
15	110.1251367	0.923017496	1.000042183	1.076558002	1.156620438	1.233860715	1.312953673	1.390820202	1.467701806	1.544446621
16	150.6649475	0.828041871	0.93081216	1.035459828	1.14421959	1.251589365	1.35917993	1.466296868	1.570779845	1.673671637
										
f(s)=s^(而-2)*(P≡s)		g(s)=s^考			p	d(f(2^16)-f(2^15)/d(g(2^16)-g(2^15))				
					0.1358	-0.002342774				
					0.1359	-0.022960447				
					0.136	-0.001013773				
					0.1361	-0.000305893				
					0.1362	0.000437315				
					0.1363	0.001140268				
					0.1364	0.001861791				
					0.1365	0.002542637				
					0.1366	0.003187608				
										
SC-34										
	s^考	s^(而-2)*(P≡s)								
log_2^(s)		0.1754	0.1755	0.1756	0.1757	0.1758	0.1759	0.176	0.1761	0.1762
0	1	1	1	1	1	1	1	1	1	1
1	1.368124953	1.063425384	1.063489288	1.063682475	1.063820911	1.063983113	1.064003455	1.064167366	1.064353509	1.064416586
2	1.871765887	1.110260332	1.110507861	1.110992277	1.111453479	1.111861855	1.112086956	1.112353619	1.112711365	1.113183329
3	2.560809617	1.141198152	1.141663665	1.142476587	1.1434916	1.144104554	1.14454021	1.14524362	1.146012372	1.146756514
4	3.503507537	1.159367289	1.160350805	1.161633531	1.163265955	1.164334481	1.165322646	1.166482355	1.167880627	1.169157893
5	4.793236085	1.168128865	1.169920669	1.171893204	1.174463058	1.176096217	1.178033184	1.179818796	1.181850469	1.183944581
6	6.557745895	1.170220467	1.172898134	1.176110302	1.179564246	1.182372636	1.185149662	1.187983895	1.190933321	1.194301027
7	8.971815795	1.167109175	1.170989698	1.175612414	1.180566419	1.184844671	1.188917108	1.193119512	1.197515398	1.202277247
8	12.27456506	1.159023761	1.164897259	1.17159247	1.178153229	1.184256721	1.190398383	1.196478446	1.202765012	1.209387778
9	16.79313875	1.145717041	1.154396684	1.163731719	1.172971781	1.181709054	1.19059404	1.199045107	1.208033235	1.217305876
10	22.97511217	1.126634744	1.138792246	1.152046884	1.164572872	1.177242325	1.189828011	1.201656783	1.214079356	1.227030816
11	31.43282426	1.09969485	1.116909828	1.1350623	1.152736034	1.170404748	1.188082456	1.204521399	1.222002799	1.240198028
12	43.00403122	1.063224331	1.086836837	1.111708105	1.136210584	1.160866852	1.185239135	1.208404859	1.232542436	1.257767949
13	58.8348882	1.013422999	1.046211493	1.079911753	1.113573071	1.147500004	1.18095601	1.213594041	1.246946235	1.281493144
14	80.49347866	0.945967616	0.990917838	1.036558518	1.083025382	1.129049043	1.175500923	1.220744306	1.266177224	1.313757759
15	110.1251367	0.855870702	0.916605572	0.97848235	1.041226136	1.103776109	1.167940569	1.230583688	1.293453527	1.358346946
16	150.6649475	0.737412486	0.81735733	0.899649785	0.984194604	1.069789033	1.157701119	1.244231274	1.330783777	1.41952448
										
f(s)=s^(而-2)*(P≡s)		g(s)=s^考			p	d(f(2^16)-f(2^15)/d(g(2^16)-g(2^15))				
					0.1754	-0.002922022				
					0.1755	-0.020161844				
					0.1756	-0.001944572				
					0.1757	-0.001406803				
					0.1758	-0.000838363				
					0.1759	-0.000252578				
					0.176	0.000336647				
					0.1761	0.000920829				
					0.1762	0.001509073				
										
SC-124										
	s^考	s^(而-2)*(P≡s)								
log_2^(s)		0.2457	0.2458	0.2459	0.246	0.2461	0.2462			
0	1	1	1	1	1	1	1			
1	1.368124953	1.02058919	1.020764331	1.020765644	1.020716805	1.02117936	1.021201597			
2	1.871765887	1.074352305	1.074453209	1.074535356	1.074560391	1.075381269	1.075543607			
3	2.560809617	1.107924388	1.108310258	1.108761265	1.108851399	1.110151522	1.110329758			
4	3.503507537	1.130051309	1.130803065	1.131549771	1.132128659	1.133833726	1.134475733			
5	4.793236085	1.143789871	1.145053282	1.146460588	1.14735159	1.149729895	1.15092708			
6	6.557745895	1.151588977	1.153614425	1.155559973	1.157085995	1.160340359	1.162297439			
7	8.971815795	1.154659094	1.15786221	1.160639939	1.163053723	1.167514838	1.170774195			
8	12.27456506	1.154489127	1.159375248	1.162924657	1.166844256	1.172880626	1.177222109			
9	16.79313875	1.151348022	1.158036343	1.163744077	1.169458229	1.177495677	1.183613156			
10	22.97511217	1.145338965	1.154809876	1.162929117	1.171371423	1.182282287	1.191315322			
11	31.43282426	1.13599811	1.149426372	1.161538521	1.173364601	1.187498249	1.200340391			
12	43.00403122	1.123462356	1.141728134	1.158869323	1.175782162	1.193972474	1.212336552			
13	58.8348882	1.106270933	1.130454254	1.154778737	1.177840534	1.203722443	1.228320465			
14	80.49347866	1.082143156	1.115879087	1.149090558	1.181073183	1.216388972	1.250557503			
15	110.1251367	1.04928261	1.095261476	1.141625893	1.186286916	1.233476873	1.279853817			
16	150.6649475	1.004615834	1.067101838	1.130303936	1.192801186	1.257368356	1.321002175			
										
f(s)=s^(而-2)*(P≡s)		g(s)=s^考			p	d(f(2^16)-f(2^15)/d(g(2^16)-g(2^15))				
					0.2457	-0.0011018				
					0.2458	-0.026322319				
					0.2459	-0.00027928				
					0.246	0.000160688				
					0.2461	0.000589334				
					0.2462	0.001015011				
										
SC-134										
	s^考	s^(而-2)*(P≡s)								
log_2^(s)		0.1034	0.1035	0.1036	0.1037	0.1038	0.1039	0.104	0.1041	0.1042
0	1	1	1	1	1	1	1	1	1	1
1	1.368124953	1.011469819	1.011674431	1.012048372	1.012414196	1.012753741	1.013103735	1.01343613	1.01344187	1.013676529
2	1.871765887	1.035972619	1.03648561	1.037315224	1.037708997	1.038828847	1.039367968	1.040086331	1.040401357	1.040971652
3	2.560809617	1.058058945	1.059259192	1.060293376	1.061361446	1.063034407	1.064104606	1.065520661	1.066274455	1.067407352
4	3.503507537	1.072934725	1.075097635	1.076867197	1.078523935	1.081066761	1.082825364	1.085021444	1.086542444	1.088741387
5	4.793236085	1.080796983	1.083981658	1.086633109	1.089653239	1.093377863	1.096128371	1.099536145	1.101907434	1.105588207
6	6.557745895	1.082243626	1.086912672	1.091292806	1.095596963	1.100935338	1.105312904	1.110139625	1.114143198	1.119463904
7	8.971815795	1.077575386	1.084647814	1.090866289	1.097563763	1.104911915	1.111040605	1.118155485	1.124278316	1.131842012
8	12.27456506	1.06712574	1.076916468	1.086156171	1.095570378	1.105970822	1.115339593	1.125015866	1.134031069	1.144359753
9	16.79313875	1.050139491	1.063755996	1.076956092	1.090490015	1.104846683	1.118397409	1.131960334	1.144627615	1.158723302
10	22.97511217	1.024834549	1.044314599	1.062519997	1.081740114	1.101606628	1.120780071	1.139240147	1.157515913	1.17727041
11	31.43282426	0.989400198	1.016313964	1.041720296	1.0685301	1.095644206	1.122343607	1.147666619	1.174209973	1.201446695
12	43.00403122	0.940392358	0.977322153	1.012850394	1.049933834	1.087567637	1.124017797	1.159797827	1.196436292	1.234128434
13	58.8348882	0.874348521	0.924134853	0.973443724	1.0244152	1.076086426	1.126475047	1.175953582	1.226397298	1.278036457
14	80.49347866	0.78574697	0.852466826	0.920644968	0.989390143	1.060277197	1.129135889	1.19787071	1.267411571	1.337639737
15	110.1251367	0.670013134	0.757345489	0.848120764	0.941433776	1.03769842	1.132794024	1.22823305	1.323977333	1.418796854
16	150.6649475	0.523930926	0.633397626	0.751905605	0.877089231	1.007369767	1.137952302	1.268965151	1.400573974	1.528386553
										
f(s)=s^(而-2)*(P≡s)		g(s)=s^考			p	d(f(2^16)-f(2^15)/d(g(2^16)-g(2^15))				
					0.1034	-0.003603426				
					0.1035	-0.015624089				
					0.1036	-0.00237335				
					0.1037	-0.001587194				
					0.1038	-0.00074812				
					0.1039	0.00012724				
					0.104	0.001004743				
					0.1041	0.001889418				
					0.1042	0.002703261				
										
SC-234										
	s^考	s^(而-2)*(P≡s)								
log_2^(s)		0.08561	0.08562	0.08563	0.08564	0.08565	0.08566	0.08567	0.08568	0.08569
0	1	1	1	1	1	1	1	1	1	1
1	1.368124953	1.028758383	1.028735465	1.02886502	1.02905664	1.029008713	1.028840635	1.029097768	1.02906172	1.028856247
2	1.871765887	1.065506954	1.065588782	1.065812265	1.066030958	1.066169955	1.065933012	1.066068102	1.066141849	1.065951317
3	2.560809617	1.096874072	1.0970807	1.097108311	1.097584137	1.09781967	1.097424209	1.097852284	1.097678686	1.097619042
4	3.503507537	1.118251789	1.1186522	1.118494801	1.119394528	1.119706868	1.119448016	1.119756489	1.119762675	1.119799262
5	4.793236085	1.132098677	1.132783838	1.132668899	1.133621065	1.134152106	1.134162935	1.134864056	1.134526426	1.134547629
6	6.557745895	1.140369974	1.141537927	1.141291207	1.142613703	1.143335774	1.143501204	1.143926738	1.144381236	1.144587489
7	8.971815795	1.145240761	1.146402039	1.146723655	1.148305272	1.148897296	1.149818439	1.15003896	1.151128539	1.151598006
8	12.27456506	1.147519565	1.148783529	1.149220807	1.15125664	1.152222977	1.153660766	1.154390657	1.155641697	1.156430551
9	16.79313875	1.146777698	1.149103135	1.150021715	1.153061113	1.154046508	1.15637743	1.157202799	1.159308406	1.160320772
10	22.97511217	1.145381129	1.148354332	1.150214204	1.153549422	1.155684019	1.158874172	1.159628374	1.162174443	1.164627074
11	31.43282426	1.142381935	1.146374856	1.149262021	1.153407368	1.15656191	1.160549382	1.162810611	1.166204695	1.168698392
12	43.00403122	1.137718863	1.14348702	1.147410909	1.152985877	1.157233568	1.162267347	1.166117916	1.170623854	1.174078223
13	58.8348882	1.131540835	1.13885542	1.144351842	1.152211969	1.157599793	1.1645441	1.169893413	1.176765479	1.181977373
14	80.49347866	1.122862784	1.132990048	1.140249326	1.151194282	1.158515382	1.167663011	1.176401456	1.184427504	1.192183049
15	110.1251367	1.111236037	1.124349606	1.135046599	1.14891415	1.160121851	1.17194534	1.183637506	1.195081283	1.205958412
16	150.6649475	1.094624264	1.112818097	1.127773193	1.144883508	1.161359211	1.177393523	1.193233794	1.210129439	1.224931369
										
f(s)=s^(而-2)*(P≡s)		g(s)=s^考			p	d(f(2^16)-f(2^15)/d(g(2^16)-g(2^15))				
					0.08561	-0.000409764				
					0.08562	-0.027450007				
					0.08563	-0.000179414				
					0.08564	-9.94243E-05				
					0.08565	3.05221E-05				
					0.08566	0.000134391				
					0.08567	0.000236713				
					0.08568	0.000371195				
					0.08569	0.000468008				
										
SC-1234										
	s^考	s^(而-2)*(P≡s)								
log_2^(s)		0.08009	0.0801	0.08011	0.08012	0.08013	0.08014			
0	1	1	1	1	1	1	1			
1	1.368124953	1.061182052	1.061176267	1.061471267	1.061342133	1.061173788	1.061287549			
2	1.871765887	1.107323481	1.107268624	1.107672317	1.107520473	1.107415255	1.107388201			
3	2.560809617	1.139510075	1.13950996	1.139886097	1.140105851	1.140061944	1.139929666			
4	3.503507537	1.160872475	1.160533369	1.1613817	1.161522737	1.161998785	1.162018012			
5	4.793236085	1.174255745	1.173592282	1.175152522	1.175229656	1.176328413	1.175915082			
6	6.557745895	1.181902093	1.181763026	1.183534143	1.183645302	1.185032433	1.185023365			
7	8.971815795	1.186292937	1.186086915	1.188304082	1.188841817	1.190325967	1.19065179			
8	12.27456506	1.187999566	1.188065147	1.191346756	1.1922651	1.193467057	1.194734364			
9	16.79313875	1.187982352	1.18843275	1.192179248	1.193758967	1.195152591	1.19770968			
10	22.97511217	1.187212247	1.188034536	1.192727256	1.194526484	1.197038185	1.199584387			
11	31.43282426	1.185100248	1.186931647	1.192759505	1.194636568	1.198626739	1.202503843			
12	43.00403122	1.181686804	1.184485229	1.191480235	1.195439104	1.200564607	1.205673753			
13	58.8348882	1.176625559	1.181518674	1.18998375	1.196446787	1.203926835	1.209946688			
14	80.49347866	1.169687864	1.176844316	1.188201299	1.197342509	1.207384534	1.216678442			
15	110.1251367	1.159837935	1.170866077	1.185992346	1.198446353	1.21190653	1.224326966			
16	150.6649475	1.146910512	1.162144519	1.182214357	1.200388009	1.217944539	1.235275182			
										
f(s)=s^(而-2)*(P≡s)		g(s)=s^考			p	d(f(2^16)-f(2^15)/d(g(2^16)-g(2^15))				
					0.08009	-0.000318882				
					0.0801	-0.028666747				
					0.08011	-9.31921E-05				
					0.08012	4.7895E-05				
					0.08013	0.00014894				
					0.08014	0.000270061				
										
SC-5										
	s^考	s^(而-2)*(P≡s)								
log_2^(s)		0.06796	0.06797	0.06798	0.06799	0.068	0.06801	0.06802	0.06803	0.06804
0	1	1	1	1	1	1	1	1	1	1
1	1.368124953	0.929559058	0.929139837	0.929594879	0.929384847	0.929666405	0.929587084	0.930024679	0.930177979	0.92992136
2	1.871765887	0.926428741	0.926534333	0.926703322	0.926783081	0.927079472	0.926859062	0.927532529	0.92765999	0.927387454
3	2.560809617	0.944558519	0.944863139	0.945218777	0.945458544	0.945708088	0.945558726	0.946299127	0.946578148	0.946416578
4	3.503507537	0.965727443	0.966226843	0.966712895	0.966851057	0.967283521	0.967231775	0.968311027	0.968674941	0.968738782
5	4.793236085	0.981742336	0.982523447	0.983219898	0.983077877	0.983595859	0.984210873	0.985153333	0.985862388	0.986176146
6	6.557745895	0.992815485	0.993834883	0.994866629	0.994926766	0.995475434	0.996585388	0.997318276	0.998798501	0.999288018
7	8.971815795	1.000104048	1.001777451	1.002673902	1.003026984	1.004236379	1.005375453	1.00643897	1.008211861	1.008717018
8	12.27456506	1.005118352	1.006812566	1.007901798	1.008710325	1.010105952	1.011951709	1.013408267	1.015708528	1.016038005
9	16.79313875	1.007046322	1.009582186	1.011136735	1.01247668	1.014638332	1.01686025	1.019070276	1.022331171	1.022770974
10	22.97511217	1.007834858	1.010906392	1.013376928	1.015541928	1.01887744	1.021386587	1.024620144	1.028109326	1.029639939
11	31.43282426	1.007796065	1.011799101	1.015172926	1.018363293	1.022704154	1.026086454	1.030555302	1.034873057	1.037190741
12	43.00403122	1.006636821	1.011797533	1.01654823	1.021298146	1.027129086	1.031686697	1.037679267	1.043153137	1.046782183
13	58.8348882	1.004357719	1.011268874	1.017735134	1.02424366	1.032217703	1.038113681	1.04645861	1.05373979	1.05931265
14	80.49347866	1.000225958	1.010175019	1.018254885	1.027444734	1.039051723	1.047349135	1.058010244	1.06847295	1.076724922
15	110.1251367	0.994725279	1.008194347	1.020238168	1.032511935	1.048020159	1.059298863	1.073935219	1.087880971	1.099491002
16	150.6649475	0.987313163	1.005839723	1.022532517	1.039860373	1.059617803	1.075872373	1.095334583	1.1146624	1.130787321
										
f(s)=s^(而-2)*(P≡s)		g(s)=s^考			p	d(f(2^16)-f(2^15)/d(g(2^16)-g(2^15))				
					0.06796	-0.000182835				
					0.06797	-0.02481116				
					0.06798	5.65949E-05				
					0.06799	0.000181265				
					0.068	0.00028608				
					0.06801	0.000408821				
					0.06802	0.00052786				
					0.06803	0.00066062				
					0.06804	0.00077199				
										
SC-15										
	s^考	s^(而-2)*(P≡s)								
log_2^(s)		0.06136	0.06137	0.06138	0.06139	0.0614	0.06141	0.06142	0.06143	0.06144
0	1	1	1	1	1	1	1	1	1	1
1	1.368124953	0.969360528	0.969418653	0.969424945	0.969775728	0.96985136	0.969788411	0.969748629	0.970022054	0.969813004
2	1.871765887	1.002440483	1.002828805	1.00270328	1.002979547	1.003236867	1.003355433	1.003604189	1.00363868	1.003492653
3	2.560809617	1.033965886	1.03423907	1.034101502	1.034452699	1.035083684	1.035128734	1.035456522	1.035424758	1.035376375
4	3.503507537	1.05752144	1.058289687	1.058129842	1.058372151	1.059552756	1.059598359	1.060026644	1.060117693	1.060258672
5	4.793236085	1.074098567	1.074908144	1.075036296	1.07536039	1.076844435	1.076819531	1.077250129	1.077445433	1.078591856
6	6.557745895	1.085220555	1.085913192	1.086678586	1.086835942	1.089067026	1.089070926	1.089482696	1.090093798	1.091200353
7	8.971815795	1.091367767	1.093193895	1.094514513	1.094990582	1.097322647	1.097552354	1.098776534	1.098807869	1.100732208
8	12.27456506	1.095086812	1.097506621	1.098670379	1.100213605	1.102886046	1.103856541	1.105665129	1.105762131	1.107823859
9	16.79313875	1.097263032	1.099945386	1.101329629	1.104037378	1.107367704	1.108932511	1.111606193	1.112167795	1.114775807
10	22.97511217	1.097801899	1.100650566	1.102784732	1.107000898	1.111419192	1.113656939	1.117247928	1.118568784	1.121984379
11	31.43282426	1.096454464	1.100997925	1.10363262	1.109388421	1.115173344	1.118788316	1.123239698	1.125791674	1.130401889
12	43.00403122	1.094048637	1.100190911	1.105063135	1.111939131	1.118650019	1.124063011	1.130936176	1.134522412	1.141621187
13	58.8348882	1.090916167	1.098460694	1.105723587	1.115604034	1.12438002	1.131464701	1.14042877	1.146362427	1.155972829
14	80.49347866	1.086074004	1.096026836	1.107231239	1.119447226	1.131806657	1.142170635	1.152932957	1.162583153	1.175104368
15	110.1251367	1.079037372	1.092983812	1.108338957	1.125199512	1.141095157	1.156131772	1.170887537	1.184550044	1.200726095
16	150.6649475	1.068920441	1.087871494	1.109254091	1.132556606	1.154430701	1.174255154	1.195496508	1.215169692	1.23684247
										
f(s)=s^(而-2)*(P≡s)		g(s)=s^考			p	d(f(2^16)-f(2^15)/d(g(2^16)-g(2^15))				
					0.06136	-0.000249555				
					0.06137	-0.026834647				
					0.06138	2.25737E-05				
					0.06139	0.000181478				
					0.0614	0.000328949				
					0.06141	0.000447051				
					0.06142	0.000607032				
					0.06143	0.000755298				
					0.06144	0.000890887				
										
SC-25										
	s^考	s^(而-2)*(P≡s)								
log_2^(s)		0.05716	0.05717	0.05718	0.05719	0.0572	0.05721	0.05722	0.05723	0.05724
0	1	1	1	1	1	1	1	1	1	1
1	1.368124953	1.002919385	1.003358782	1.003145721	1.003270054	1.002937847	1.003116105	1.003003389	1.003252675	1.003531861
2	1.871765887	1.032760335	1.032885177	1.033037532	1.033237943	1.033094087	1.033358304	1.033213086	1.033710456	1.034027602
3	2.560809617	1.063845995	1.06411598	1.064758614	1.065138426	1.064624281	1.064873754	1.064728622	1.065500749	1.06622019
4	3.503507537	1.086452511	1.086791187	1.087426605	1.088526697	1.088024564	1.088159858	1.088041672	1.089242677	1.089994262
5	4.793236085	1.101570782	1.101761076	1.102948059	1.104132634	1.103799994	1.10399435	1.103553435	1.105681986	1.106195645
6	6.557745895	1.11102838	1.111234699	1.112410512	1.114199994	1.114594771	1.114706584	1.114440919	1.117124245	1.117970931
7	8.971815795	1.116406568	1.117243489	1.118284372	1.120825861	1.121306704	1.12220419	1.121681097	1.12489389	1.126408589
8	12.27456506	1.11803813	1.120749846	1.121020841	1.12399207	1.125373407	1.126168547	1.126995399	1.130166459	1.132501998
9	16.79313875	1.118531452	1.121897754	1.122607607	1.125576394	1.12750378	1.129024477	1.1307144	1.134594756	1.137743237
10	22.97511217	1.116790312	1.119997396	1.121908523	1.125911044	1.128433351	1.131067132	1.134098654	1.138695513	1.142903736
11	31.43282426	1.112718809	1.116981986	1.119937561	1.125256498	1.129226315	1.132216727	1.137835681	1.143367876	1.148982132
12	43.00403122	1.105321281	1.111620485	1.116174567	1.12327029	1.129890289	1.133194913	1.141506917	1.149149305	1.156264081
13	58.8348882	1.094613302	1.104000939	1.11082933	1.120931876	1.13037317	1.135491649	1.146527042	1.155647599	1.165852214
14	80.49347866	1.0796436	1.092998898	1.103005253	1.116533925	1.130063569	1.138816593	1.153378183	1.164664035	1.178366926
15	110.1251367	1.059783739	1.077568855	1.092432572	1.109698708	1.129181864	1.142181288	1.161936344	1.177308275	1.195791343
16	150.6649475	1.033403541	1.056441482	1.078148809	1.10138492	1.126167723	1.147100832	1.17280864	1.19391324	1.219804605
										
f(s)=s^(而-2)*(P≡s)		g(s)=s^考			p	d(f(2^16)-f(2^15)/d(g(2^16)-g(2^15))				
					0.05716	-0.000650723				
					0.05717	-0.026059359				
					0.05718	-0.000352339				
					0.05719	-0.000205077				
					0.0572	-7.43502E-05				
					0.05721	0.000121351				
					0.05722	0.000268188				
					0.05723	0.000409597				
					0.05724	0.000592338				
										
SC-35										
	s^考	s^(而-2)*(P≡s)								
log_2^(s)		0.05696	0.05697	0.05698	0.05699	0.057	0.05701	0.05702	0.05703	0.05704
0	1	1	1	1	1	1	1	1	1	1
1	1.368124953	0.965392523	0.965263747	0.965267367	0.965657606	0.96536813	0.965690307	0.965896454	0.965823868	0.966322544
2	1.871765887	0.996559185	0.996690327	0.996473764	0.996959409	0.996838183	0.99692921	0.997345774	0.997244375	0.998020215
3	2.560809617	1.029930064	1.030232119	1.030009984	1.03024554	1.03044429	1.030383985	1.031179062	1.031260889	1.032102207
4	3.503507537	1.054534811	1.05511388	1.054986534	1.055387902	1.055796207	1.055531311	1.056910302	1.056817593	1.058101289
5	4.793236085	1.071008735	1.072150034	1.071914218	1.072968271	1.073209438	1.073027273	1.074443813	1.07490949	1.076309859
6	6.557745895	1.08188895	1.082837789	1.083101829	1.084362692	1.084919857	1.085096419	1.086925751	1.087648918	1.089063297
7	8.971815795	1.088158778	1.089691661	1.090185692	1.091843668	1.092231485	1.092732508	1.095303473	1.096489019	1.098432392
8	12.27456506	1.091701605	1.093264322	1.094332715	1.096870022	1.097629365	1.098747665	1.101123538	1.102667196	1.10541741
9	16.79313875	1.092283534	1.094693597	1.096589548	1.100282357	1.101050225	1.102889846	1.105838302	1.108154541	1.110858943
10	22.97511217	1.091064068	1.094431129	1.096588002	1.101645774	1.103779783	1.105872738	1.109619408	1.113594973	1.116942282
11	31.43282426	1.087507733	1.09237425	1.095819272	1.102048459	1.105721026	1.10879114	1.114031639	1.118507879	1.123516258
12	43.00403122	1.082394746	1.089020755	1.093767178	1.102215479	1.107073011	1.112258623	1.118982322	1.125203392	1.132199297
13	58.8348882	1.074363145	1.083731792	1.091173737	1.101966643	1.109203925	1.116179335	1.125825746	1.133937062	1.14367465
14	80.49347866	1.063214508	1.075921229	1.086155672	1.101062992	1.111033467	1.121488914	1.134124585	1.145524554	1.158567277
15	110.1251367	1.048266277	1.065508549	1.080585063	1.099042806	1.113372378	1.128398493	1.145915983	1.161480472	1.179540879
16	150.6649475	1.027402686	1.050961399	1.072152682	1.09691968	1.117144003	1.139429282	1.162775056	1.183200532	1.207662863
										
f(s)=s^(而-2)*(P≡s)		g(s)=s^考			p	d(f(2^16)-f(2^15)/d(g(2^16)-g(2^15))				
					0.05696	-0.000514645				
					0.05697	-0.025924181				
					0.05698	-0.000208002				
					0.05699	-5.23714E-05				
					0.057	9.30351E-05				
					0.05701	0.000272098				
					0.05702	0.000415865				
					0.05703	0.000535771				
					0.05704	0.000693688				
										
SC-45										
	s^考	s^(而-2)*(P≡s)								
log_2^(s)		0.05951	0.05952	0.05953	0.05954	0.05955	0.05956	0.05957	0.05958	0.05959
0	1	1	1	1	1	1	1	1	1	1
1	1.368124953	0.958951148	0.95928465	0.959266814	0.959300223	0.959037062	0.959321682	0.959193216	0.959205157	0.959429435
2	1.871765887	0.970374512	0.970338253	0.970582247	0.970880869	0.970459409	0.970920409	0.970788454	0.970628959	0.970800047
3	2.560809617	0.994427132	0.994221914	0.994603377	0.995114968	0.994705468	0.995067185	0.995114283	0.995185709	0.995475059
4	3.503507537	1.016733298	1.016337964	1.016882452	1.017733543	1.017292824	1.017527199	1.01785811	1.018267773	1.018336173
5	4.793236085	1.032614021	1.032163239	1.033065129	1.034564195	1.033809617	1.034397792	1.034723247	1.034957967	1.035539984
6	6.557745895	1.042802223	1.04285665	1.043992508	1.04557044	1.045218981	1.045990594	1.046465739	1.047039676	1.047266656
7	8.971815795	1.049491628	1.049377743	1.050906576	1.052978707	1.052582888	1.05364379	1.054868348	1.055833201	1.0561295
8	12.27456506	1.052688865	1.052704906	1.054916717	1.057250126	1.057456283	1.059062517	1.061027234	1.062232651	1.063291666
9	16.79313875	1.053186994	1.0539233	1.056924719	1.060210187	1.060045122	1.062589782	1.065944223	1.067315111	1.068846769
10	22.97511217	1.052407954	1.053679522	1.057307423	1.061386502	1.062253513	1.065709753	1.069862446	1.072525116	1.07479146
11	31.43282426	1.04952943	1.052374564	1.057165982	1.06170561	1.064583355	1.068536686	1.073935955	1.077638095	1.080824802
12	43.00403122	1.044323196	1.048718133	1.055440577	1.061474038	1.064886168	1.071764806	1.078579171	1.083600734	1.088738935
13	58.8348882	1.036864979	1.042646787	1.052538581	1.060342886	1.065961835	1.075296988	1.083971169	1.091392863	1.099648958
14	80.49347866	1.026136233	1.034705102	1.047814363	1.058823098	1.06650452	1.079142607	1.091168256	1.102189569	1.113500155
15	110.1251367	1.010925277	1.023248983	1.041014977	1.055753205	1.06865172	1.084764786	1.100908015	1.116142427	1.131089229
16	150.6649475	0.988921326	1.007205631	1.031609133	1.051427132	1.071233914	1.092380276	1.114272128	1.135596924	1.156231289
										
f(s)=s^(而-2)*(P≡s)		g(s)=s^考			p	d(f(2^16)-f(2^15)/d(g(2^16)-g(2^15))				
					0.05951	-0.000542774				
					0.05952	-0.024844853				
					0.05953	-0.000232015				
					0.05954	-0.000106712				
					0.05955	6.36953E-05				
					0.05956	0.000187852				
					0.05957	0.000329654				
					0.05958	0.000479886				
					0.05959	0.000620182				
										
SC-125										
	s^考	s^(而-2)*(P≡s)								
log_2^(s)		0.05431	0.05432	0.05433	0.05434	0.05435	0.05436	0.05437		
0	1	1	1	1	1	1	1	1		
1	1.368124953	1.030740915	1.031057855	1.031094953	1.030578037	1.030947055	1.031023065	1.030860356		
2	1.871765887	1.073649224	1.074071223	1.07403879	1.073759599	1.074055893	1.074226448	1.074204109		
3	2.560809617	1.106530128	1.106637739	1.106861689	1.10685995	1.10689212	1.107325755	1.107666978		
4	3.503507537	1.12920772	1.129700493	1.129917887	1.130069707	1.130014964	1.130723688	1.131505131		
5	4.793236085	1.144249752	1.145118846	1.145309296	1.146054905	1.145633962	1.146915528	1.148240112		
6	6.557745895	1.153554202	1.154820308	1.155100243	1.156289924	1.155907493	1.157622043	1.159609814		
7	8.971815795	1.159313889	1.160497611	1.161146578	1.162688102	1.163176443	1.164922696	1.167695891		
8	12.27456506	1.161816719	1.163779963	1.164576455	1.167120163	1.16774245	1.170059407	1.173472536		
9	16.79313875	1.162689908	1.165272435	1.166595297	1.169616099	1.170557281	1.174400854	1.178784719		
10	22.97511217	1.161413215	1.164902702	1.167436712	1.171225466	1.174367836	1.177293032	1.183831331		
11	31.43282426	1.158732603	1.163387862	1.167816151	1.172919384	1.177273274	1.18168938	1.189729282		
12	43.00403122	1.154661665	1.16110101	1.16811121	1.173999673	1.180557143	1.187652399	1.197382582		
13	58.8348882	1.147980412	1.157507367	1.167571691	1.175708409	1.184382388	1.195559724	1.207233585		
14	80.49347866	1.13848768	1.151796665	1.16695818	1.177770589	1.190516875	1.204681435	1.220799743		
15	110.1251367	1.126752058	1.144493148	1.163212649	1.180065926	1.198399108	1.216055198	1.239893721		
16	150.6649475	1.110096289	1.135462694	1.159778428	1.184977956	1.20918573	1.233542775	1.263228606		
										
f(s)=s^(而-2)*(P≡s)		g(s)=s^考			p	d(f(2^16)-f(2^15)/d(g(2^16)-g(2^15))				
					0.05431	-0.00041085				
					0.05432	-0.028008584				
					0.05433	-8.47123E-05				
					0.05434	0.000121166				
					0.05435	0.000266075				
					0.05436	0.000431368				
					0.05437	0.000575604				
										
SC-135										
	s^考	s^(而-2)*(P≡s)								
log_2^(s)		0.05336	0.05337	0.05338	0.05339	0.0534	0.05341	0.05342	0.05343	0.05344
0	1	1	1	1	1	1	1	1	1	1
1	1.368124953	0.997850391	0.998341231	0.998072891	0.998227458	0.998752266	0.998122693	0.998463572	0.998608858	0.99823197
2	1.871765887	1.054075815	1.054590458	1.054056463	1.054791884	1.054741671	1.054349251	1.054967056	1.055072887	1.054558491
3	2.560809617	1.089036282	1.089688982	1.089370262	1.089930303	1.089950139	1.089941444	1.09069497	1.090924446	1.090516047
4	3.503507537	1.112613904	1.113648532	1.113523895	1.114189243	1.114357027	1.11475006	1.11549382	1.115357922	1.115456495
5	4.793236085	1.12799572	1.129416089	1.129470397	1.129779229	1.130490292	1.131486991	1.131713322	1.132019426	1.132649053
6	6.557745895	1.136913405	1.13919491	1.138887343	1.13971115	1.14058818	1.142094161	1.142076632	1.143089254	1.143897302
7	8.971815795	1.140752096	1.14390148	1.144270619	1.145152813	1.146800682	1.148139346	1.148816073	1.15057724	1.151749013
8	12.27456506	1.141157179	1.144743252	1.146666139	1.147591105	1.150232538	1.151375225	1.152941262	1.155251954	1.157496063
9	16.79313875	1.138835853	1.142271774	1.146396674	1.14743227	1.151315789	1.152267268	1.154888165	1.159170669	1.16124763
10	22.97511217	1.133997474	1.138157822	1.142906917	1.145013307	1.150687906	1.152288299	1.155968488	1.161671932	1.16491628
11	31.43282426	1.12577509	1.131702324	1.137660282	1.141146675	1.147953977	1.150912071	1.156074252	1.163551575	1.168642033
12	43.00403122	1.114192274	1.12108719	1.12932298	1.135275095	1.14359956	1.148180751	1.154969316	1.16473655	1.172217392
13	58.8348882	1.097637552	1.106748268	1.117488153	1.127308453	1.137090871	1.144104328	1.153364455	1.166227154	1.175913929
14	80.49347866	1.073460622	1.086416728	1.100605964	1.114839729	1.128443684	1.138339202	1.151917679	1.167595867	1.182674551
15	110.1251367	1.042160647	1.058719023	1.078508088	1.098244554	1.115515537	1.130892076	1.149939023	1.170431234	1.190359199
16	150.6649475	0.99792729	1.021750797	1.048121182	1.074172394	1.098669093	1.120511649	1.147273573	1.174333633	1.200421904
										
f(s)=s^(而-2)*(P≡s)		g(s)=s^考			p	d(f(2^16)-f(2^15)/d(g(2^16)-g(2^15))				
					0.05336	-0.001091109				
					0.05337	-0.02520364				
					0.05338	-0.000749557				
					0.05339	-0.000593791				
					0.0534	-0.000415553				
					0.05341	-0.000256055				
					0.05342	-6.57489E-05				
					0.05343	9.62609E-05				
					0.05344	0.000248218				
										
SC-145										
	s^考	s^(而-2)*(P≡s)								
log_2^(s)		0.05616	0.05617	0.05618	0.05619	0.0562	0.05621	0.05622	0.05623	0.05624
0	1	1	1	1	1	1	1	1	1	1
1	1.368124953	0.997513398	0.997726885	0.997663553	0.998049779	0.997688162	0.997737322	0.997895551	0.997888192	0.998161839
2	1.871765887	1.023931004	1.023524764	1.024190072	1.02496666	1.023965531	1.024833457	1.025027174	1.024582507	1.024819859
3	2.560809617	1.052437698	1.051684542	1.052572482	1.053875563	1.052745604	1.053432374	1.054077093	1.053623642	1.053475982
4	3.503507537	1.074585181	1.073830241	1.074712517	1.076593307	1.075380323	1.076175596	1.077209232	1.076830573	1.076541379
5	4.793236085	1.088962883	1.088910326	1.089841775	1.091978416	1.091013141	1.092277217	1.093612439	1.092879605	1.093015367
6	6.557745895	1.098323219	1.098225405	1.09993518	1.102434598	1.101236572	1.103522233	1.104157992	1.103862979	1.104436572
7	8.971815795	1.103578345	1.10367677	1.106178535	1.108940247	1.108237121	1.110407832	1.111341151	1.111594492	1.112621726
8	12.27456506	1.105184339	1.105657212	1.108963863	1.112193623	1.111685983	1.114798086	1.116280096	1.117234428	1.118847423
9	16.79313875	1.105007851	1.105743077	1.109679845	1.113677947	1.113767022	1.117141454	1.120325428	1.121894367	1.123646459
10	22.97511217	1.101515284	1.103939028	1.108251082	1.113333555	1.115058553	1.118471119	1.123307154	1.125817083	1.128506666
11	31.43282426	1.095831078	1.100334733	1.104988085	1.111589575	1.114628863	1.120286684	1.125964854	1.129043257	1.133543271
12	43.00403122	1.088402817	1.093888832	1.100226921	1.108310438	1.113960817	1.121051121	1.128211566	1.134178426	1.139596553
13	58.8348882	1.076791371	1.084756711	1.093410206	1.103843043	1.11179265	1.121857967	1.13199882	1.139471674	1.148148872
14	80.49347866	1.059089661	1.070900467	1.084773752	1.097688683	1.109169975	1.122013894	1.135156465	1.146307069	1.158455142
15	110.1251367	1.036122622	1.052615017	1.070934125	1.087874447	1.105058725	1.122377943	1.140189226	1.155680984	1.173114488
16	150.6649475	1.004859	1.027374857	1.052209856	1.074872307	1.099077892	1.122438212	1.146712685	1.168333138	1.192756534
										
f(s)=s^(而-2)*(P≡s)		g(s)=s^考			p	d(f(2^16)-f(2^15)/d(g(2^16)-g(2^15))				
					0.05616	-0.000771183				
					0.05617	-0.025342369				
					0.05618	-0.000461874				
					0.05619	-0.000320725				
					0.0562	-0.00014753				
					0.05621	1.48667E-06				
					0.05622	0.000160915				
					0.05623	0.000312092				
					0.05624	0.000484513				
										
SC-235										
	s^考	s^(而-2)*(P≡s)								
log_2^(s)		0.05146	0.05147	0.05148	0.05149	0.0515	0.05151	0.05152	0.05153	0.05154
0	1	1	1	1	1	1	1	1	1	1
1	1.368124953	1.028353656	1.028523538	1.028752603	1.028397969	1.028795687	1.028714154	1.028566733	1.028777633	1.029015798
2	1.871765887	1.068229528	1.068770686	1.069084138	1.068536258	1.06873772	1.068975648	1.068615218	1.069271098	1.069331766
3	2.560809617	1.100600894	1.101814411	1.101858549	1.101545643	1.101546157	1.102463164	1.101738345	1.102515418	1.102484834
4	3.503507537	1.122779574	1.124534649	1.124411144	1.124443998	1.124480314	1.125265344	1.125168204	1.126050428	1.126150248
5	4.793236085	1.136999738	1.138885819	1.1391121	1.139540249	1.139446763	1.140698925	1.140491374	1.141785458	1.142265747
6	6.557745895	1.144974329	1.147501007	1.147655828	1.148162531	1.148642878	1.150303672	1.151262237	1.152044215	1.152441954
7	8.971815795	1.148721086	1.151832656	1.152482157	1.153657085	1.154761835	1.156057064	1.157360906	1.158560719	1.159924987
8	12.27456506	1.149132036	1.152348412	1.154057864	1.155541104	1.157474272	1.159324543	1.161435706	1.163236842	1.164183836
9	16.79313875	1.147903102	1.150941732	1.152946378	1.155946258	1.157600827	1.160711778	1.164166893	1.166384219	1.167999628
10	22.97511217	1.142986456	1.147565558	1.151172558	1.153755763	1.157430505	1.161036353	1.166567967	1.169195479	1.172400874
11	31.43282426	1.135657083	1.141115602	1.146462761	1.150750157	1.156131104	1.161852968	1.168027454	1.172073781	1.176543023
12	43.00403122	1.124452555	1.132068816	1.139957262	1.14652656	1.153578304	1.161437892	1.169539812	1.176141097	1.181984536
13	58.8348882	1.109134106	1.120436758	1.129532799	1.140076437	1.148452698	1.159993422	1.171413924	1.180559478	1.189010549
14	80.49347866	1.088077114	1.103576213	1.116790188	1.130783293	1.143270673	1.157593912	1.172677009	1.187119112	1.198649488
15	110.1251367	1.058524702	1.080875129	1.098465129	1.118082546	1.135447713	1.153647911	1.174107845	1.194213809	1.212112452
16	150.6649475	1.019376933	1.049718891	1.073468344	1.099493893	1.124763094	1.150221463	1.176167568	1.205757693	1.231383071
										
f(s)=s^(而-2)*(P≡s)		g(s)=s^考			p	d(f(2^16)-f(2^15)/d(g(2^16)-g(2^15))				
					0.05146	-0.000965662				
					0.05147	-0.025893532				
					0.05148	-0.000616598				
					0.05149	-0.000458528				
					0.0515	-0.000263559				
					0.05151	-8.45206E-05				
					0.05152	5.08074E-05				
					0.05153	0.000284754				
					0.05154	0.00047535				
										
SC-245										
	s^考	s^(而-2)*(P≡s)								
log_2^(s)		0.05156	0.05157	0.05158	0.05159	0.0516	0.05161	0.05162	0.05163	0.05164
0	1	1	1	1	1	1	1	1	1	1
1	1.368124953	1.016435346	1.016584689	1.016671599	1.016733745	1.016924658	1.017468667	1.017154613	1.017126028	1.017051182
2	1.871765887	1.055871443	1.055646061	1.05590099	1.055971895	1.056259833	1.056526987	1.05643212	1.056595161	1.056518947
3	2.560809617	1.089489961	1.089427232	1.089882587	1.090423101	1.090400402	1.090174838	1.091043693	1.090713783	1.091195223
4	3.503507537	1.112523596	1.112582303	1.112913028	1.113759723	1.114237251	1.113966754	1.114768492	1.115178566	1.115012287
5	4.793236085	1.127243854	1.127681138	1.128691962	1.129388885	1.130226777	1.130147217	1.131482868	1.131681843	1.131652008
6	6.557745895	1.136906049	1.137258944	1.138785162	1.139370739	1.140661672	1.141485508	1.142655113	1.142710283	1.143917961
7	8.971815795	1.141695078	1.142679919	1.144231195	1.145599121	1.14758962	1.148575908	1.150277702	1.150109985	1.151871135
8	12.27456506	1.144006295	1.14497983	1.147272914	1.149396753	1.152783721	1.153901127	1.155627069	1.155992157	1.157771849
9	16.79313875	1.143776835	1.145566028	1.148638858	1.151329545	1.155269811	1.157063174	1.160150703	1.161049563	1.163847155
10	22.97511217	1.141359143	1.143978224	1.148133992	1.152452051	1.156686103	1.16006926	1.165234318	1.166089788	1.16944832
11	31.43282426	1.137348051	1.141144778	1.146078656	1.152743679	1.157549578	1.162892714	1.169049385	1.171672171	1.17604798
12	43.00403122	1.129555412	1.136856782	1.143736578	1.151848911	1.158084512	1.167525888	1.174308098	1.179087185	1.184989136
13	58.8348882	1.120515851	1.130086569	1.140437751	1.150800395	1.159772177	1.171349498	1.181976485	1.188866017	1.196758214
14	80.49347866	1.106737571	1.120817538	1.134784218	1.149195967	1.161178041	1.177069417	1.191242638	1.201529807	1.214581448
15	110.1251367	1.08780954	1.105660139	1.127356489	1.146401257	1.163229693	1.18428702	1.20301494	1.219177471	1.237894624
16	150.6649475	1.063291051	1.08819718	1.115035259	1.141695117	1.16595778	1.195321896	1.220468054	1.243461608	1.26911909
										
f(s)=s^(而-2)*(P≡s)		g(s)=s^考			p	d(f(2^16)-f(2^15)/d(g(2^16)-g(2^15))				
					0.05156	-0.0006048				
					0.05157	-0.02684268				
					0.05158	-0.000303929				
					0.05159	-0.000116087				
					0.0516	6.7294E-05				
					0.05161	0.000272199				
					0.05162	0.000430518				
					0.05163	0.000599019				
					0.05164	0.000770217				
										
SC-345										
	s^考	s^(而-2)*(P≡s)								
log_2^(s)		0.05154	0.05155	0.05156	0.05157	0.05158	0.05159	0.0516	0.05161	0.05162
0	1	1	1	1	1	1	1	1	1	1
1	1.368124953	0.986981281	0.987267474	0.987634181	0.988080709	0.987638047	0.987807042	0.987920905	0.988080803	0.988265213
2	1.871765887	1.023272532	1.02351782	1.024265558	1.024761349	1.024187722	1.024179012	1.02464412	1.024957156	1.025131667
3	2.560809617	1.059227252	1.05976532	1.060523311	1.061417972	1.060950841	1.060796993	1.061263508	1.06203235	1.062038971
4	3.503507537	1.083668749	1.084643507	1.085650665	1.086883326	1.086538532	1.086696402	1.086678962	1.087613896	1.087783474
5	4.793236085	1.099392755	1.100820451	1.102368697	1.103666194	1.103139789	1.103975673	1.103791461	1.105103347	1.105383622
6	6.557745895	1.109589691	1.110548183	1.113324509	1.114802725	1.11403888	1.11485204	1.115496243	1.116805464	1.117958525
7	8.971815795	1.114953389	1.11652373	1.119882383	1.121604217	1.120581903	1.122268265	1.123393386	1.12446167	1.126139882
8	12.27456506	1.117389716	1.118746689	1.122996498	1.125437968	1.125399042	1.126700531	1.129018974	1.130591555	1.132434053
9	16.79313875	1.117026187	1.118410836	1.12356418	1.12677977	1.127963646	1.129274091	1.132217559	1.135279592	1.138055565
10	22.97511217	1.114631378	1.116321865	1.121464581	1.126805048	1.12949841	1.131881472	1.135183167	1.139571105	1.143847834
11	31.43282426	1.109566345	1.112458261	1.119032619	1.125245324	1.130065229	1.133480605	1.138010472	1.144421131	1.149651994
12	43.00403122	1.101442471	1.107590147	1.114088207	1.122604833	1.129291194	1.135553337	1.140660514	1.150523662	1.157193456
13	58.8348882	1.089195935	1.099890937	1.108267027	1.11884991	1.127884344	1.137744835	1.145127228	1.15734769	1.167032565
14	80.49347866	1.073234749	1.087597951	1.099732716	1.113492827	1.127018884	1.140115123	1.152085942	1.167904473	1.180632707
15	110.1251367	1.050760545	1.069587428	1.08717557	1.106117285	1.126182935	1.142918424	1.159507951	1.182038551	1.199229988
16	150.6649475	1.02119879	1.047359341	1.070425422	1.096418673	1.123352821	1.147883376	1.1719331	1.20092096	1.224748424
										
f(s)=s^(而-2)*(P≡s)		g(s)=s^考			p	d(f(2^16)-f(2^15)/d(g(2^16)-g(2^15))				
					0.05154	-0.000729203				
					0.05155	-0.025835329				
					0.05156	-0.000413178				
					0.05157	-0.000239237				
					0.05158	-6.98107E-05				
					0.05159	0.000122471				
					0.0516	0.000306493				
					0.05161	0.000465774				
					0.05162	0.000629466				
										
SC-1235										
	s^考	s^(而-2)*(P≡s)								
log_2^(s)		0.04965	0.04966	0.04967	0.04968	0.04969	0.0497	0.04971	0.04972	0.04973
0	1	1	1	1	1	1	1	1	1	1
1	1.368124953	1.050458184	1.050561504	1.050742682	1.050749519	1.050832487	1.050813708	1.050757145	1.050973077	1.051017397
2	1.871765887	1.095526003	1.095724316	1.095911945	1.095989236	1.09620545	1.096078382	1.096166375	1.096728029	1.096975429
3	2.560809617	1.128390378	1.128606844	1.128936563	1.129083242	1.129586616	1.129240452	1.129730816	1.130470591	1.130538532
4	3.503507537	1.150662586	1.15089639	1.151261172	1.1517158	1.152283807	1.152337896	1.153123092	1.153744046	1.154100801
5	4.793236085	1.164827725	1.165139021	1.165930052	1.166113833	1.167423769	1.167015933	1.168765137	1.169552832	1.169794949
6	6.557745895	1.172644981	1.173918675	1.17487096	1.175168857	1.176590511	1.176345622	1.178506606	1.179446266	1.180402662
7	8.971815795	1.176475471	1.178035675	1.179379773	1.180543683	1.181731188	1.18217242	1.184882533	1.186009806	1.187400844
8	12.27456506	1.177153015	1.179209062	1.181035352	1.182564453	1.184025793	1.185588361	1.189307741	1.190870345	1.19316518
9	16.79313875	1.174219162	1.178106661	1.180958999	1.183433751	1.185711697	1.188046863	1.192416148	1.194315133	1.197446733
10	22.97511217	1.16919705	1.174915961	1.178340867	1.182979827	1.186379398	1.189364436	1.195262473	1.197889198	1.202064983
11	31.43282426	1.161901464	1.169460626	1.174083439	1.179912599	1.185111525	1.189805697	1.19751573	1.20164085	1.207408873
12	43.00403122	1.15235327	1.160999319	1.167833777	1.176406934	1.184109546	1.190193206	1.200014534	1.206432458	1.213804129
13	58.8348882	1.138370804	1.148831118	1.159771532	1.171239261	1.182022333	1.190730618	1.20405473	1.213101298	1.222118429
14	80.49347866	1.119276018	1.133651097	1.147655138	1.163121298	1.178464504	1.191356724	1.208528634	1.221094071	1.23560533
15	110.1251367	1.09321406	1.11184863	1.133059036	1.152849698	1.173566377	1.192561072	1.215149473	1.232327149	1.253031498
16	150.6649475	1.05566919	1.082101135	1.11100419	1.138282617	1.167523914	1.194304906	1.223948871	1.248780109	1.276960978
										
f(s)=s^(而-2)*(P≡s)		g(s)=s^考			p	d(f(2^16)-f(2^15)/d(g(2^16)-g(2^15))				
					0.04965	-0.000926123				
					0.04966	-0.026692308				
					0.04967	-0.000544029				
					0.04968	-0.000359328				
					0.04969	-0.00014905				
					0.0497	4.30153E-05				
					0.04971	0.000217056				
					0.04972	0.000405847				
					0.04973	0.000590271				
										
SC-1245										
	s^考	s^(而-2)*(P≡s)								
log_2^(s)		0.04996	0.04997	0.04998	0.04999	0.05	0.05001	0.05002	0.05003	0.05004
0	1	1	1	1	1	1	1	1	1	1
1	1.368124953	1.042578538	1.042721098	1.042552689	1.042630944	1.042770974	1.042503907	1.042559942	1.04304986	1.042760415
2	1.871765887	1.085207696	1.085313795	1.08524878	1.085783767	1.085257094	1.085851492	1.085960756	1.086372976	1.085880783
3	2.560809617	1.117483859	1.118134534	1.117813098	1.118580094	1.118155773	1.118665214	1.118833688	1.119336237	1.11916242
4	3.503507537	1.139431394	1.14026492	1.140377434	1.140942004	1.140630079	1.141505995	1.141567096	1.142208877	1.142497869
5	4.793236085	1.153684662	1.154010671	1.15463332	1.155698764	1.155571551	1.156052451	1.156847789	1.157656011	1.158342374
6	6.557745895	1.161478096	1.162375604	1.163132921	1.164376336	1.164698164	1.165196909	1.166328972	1.167398612	1.168576973
7	8.971815795	1.164716171	1.165997501	1.1675602	1.169530303	1.170032505	1.170828579	1.172565456	1.17415356	1.175297219
8	12.27456506	1.16511698	1.166895409	1.168694137	1.171417687	1.172694788	1.174224772	1.176129785	1.178533262	1.180529262
9	16.79313875	1.161956183	1.165272719	1.167250692	1.171371988	1.173211659	1.175886733	1.178096247	1.182300611	1.184354793
10	22.97511217	1.157503255	1.16072576	1.164450569	1.169369344	1.172374071	1.176428157	1.179497546	1.184563242	1.188132045
11	31.43282426	1.149382472	1.154079739	1.159684327	1.165783876	1.170300376	1.175583034	1.181294061	1.187475021	1.192046775
12	43.00403122	1.136611967	1.143650098	1.151028749	1.160327034	1.167313377	1.174332375	1.182443279	1.19047682	1.196734907
13	58.8348882	1.12007811	1.131023195	1.139753223	1.152930706	1.162027914	1.171244308	1.18284391	1.194258513	1.203301429
14	80.49347866	1.097637968	1.111804461	1.124967809	1.142373029	1.155279891	1.168001621	1.184070209	1.198788905	1.212238748
15	110.1251367	1.067144515	1.086101397	1.105100562	1.127167858	1.145750189	1.163708487	1.185696075	1.207024043	1.224778598
16	150.6649475	1.024329167	1.050115106	1.077329895	1.107110687	1.133692593	1.159108284	1.187389124	1.216511957	1.242078161
										
f(s)=s^(而-2)*(P≡s)		g(s)=s^考			p	d(f(2^16)-f(2^15)/d(g(2^16)-g(2^15))				
					0.04996	-0.001056131				
					0.04997	-0.025903306				
					0.04998	-0.000685022				
					0.04999	-0.000494752				
					0.05	-0.000297426				
					0.05001	-0.000113474				
					0.05002	4.17626E-05				
					0.05003	0.000234039				
					0.05004	0.00042673				
										
SC-1345										
	s^考	s^(而-2)*(P≡s)								
log_2^(s)		0.04945	0.04946	0.04947	0.04948	0.04949	0.0495	0.04951	0.04948	0.04949
0	1	1	1	1	1	1	1	1	1	1
1	1.368124953	1.017134521	1.01720909	1.017337982	1.017754321	1.017879375	1.017833549	1.018036715	1.017754321	1.017879375
2	1.871765887	1.06751614	1.067438439	1.067686662	1.068201304	1.068349925	1.068675536	1.068682373	1.068201304	1.068349925
3	2.560809617	1.102434039	1.102658284	1.103174992	1.103704226	1.103865732	1.104513403	1.104549533	1.103704226	1.103865732
4	3.503507537	1.126422152	1.127124646	1.126800158	1.128150719	1.128276336	1.129274385	1.129326558	1.128150719	1.128276336
5	4.793236085	1.141864816	1.142913112	1.142646175	1.144810491	1.144739468	1.146039455	1.146210173	1.144810491	1.144739468
6	6.557745895	1.15148739	1.15262991	1.152696321	1.155171858	1.155387763	1.156687312	1.157432898	1.155171858	1.155387763
7	8.971815795	1.156834115	1.158091433	1.158103908	1.161616945	1.162649049	1.163841563	1.165065613	1.161616945	1.162649049
8	12.27456506	1.158666309	1.160411187	1.160546353	1.165063554	1.16723672	1.168969719	1.170509048	1.165063554	1.16723672
9	16.79313875	1.157678782	1.161119748	1.162064547	1.16731677	1.170258912	1.172507547	1.175335978	1.16731677	1.170258912
10	22.97511217	1.155574074	1.159730031	1.161789911	1.168392932	1.172374481	1.175932379	1.179288762	1.168392932	1.172374481
11	31.43282426	1.150962266	1.156661906	1.160639675	1.168714435	1.174178693	1.179285915	1.184065787	1.168714435	1.174178693
12	43.00403122	1.144054518	1.151787378	1.158360326	1.16833746	1.175892148	1.18343505	1.190130633	1.16833746	1.175892148
13	58.8348882	1.135067534	1.145586991	1.154796506	1.167357865	1.178376941	1.188944249	1.198014779	1.167357865	1.178376941
14	80.49347866	1.12299615	1.137667096	1.150121942	1.16615909	1.181212796	1.196520509	1.208811488	1.16615909	1.181212796
15	110.1251367	1.104076294	1.124676649	1.142784383	1.164037787	1.18484655	1.206076061	1.223683909	1.164037787	1.18484655
16	150.6649475	1.080526013	1.107828171	1.133600465	1.16235784	1.190208651	1.218987456	1.244285712	1.16235784	1.190208651
										
f(s)=s^(而-2)*(P≡s)		g(s)=s^考			p	d(f(2^16)-f(2^15)/d(g(2^16)-g(2^15))				
					0.04945	-0.000580917				
					0.04946	-0.02732692				
					0.04947	-0.000226541				
					0.04948	-4.14395E-05				
					0.04949	0.000132268				
					0.0495	0.000318487				
					0.04951	0.000508187				
					0.04948	-4.14395E-05				
					0.04949	0.000132268				
										
SC-2345										
	s^考	s^(而-2)*(P≡s)								
log_2^(s)		0.04721	0.04722	0.04723	0.04724	0.04725	0.04726	0.04727	0.04728	0.04729
0	1	1	1	1	1	1	1	1	1	1
1	1.368124953	1.038441848	1.038516951	1.038358337	1.038345581	1.038665313	1.038886302	1.038752539	1.038776906	1.03871587
2	1.871765887	1.085231167	1.085086371	1.085136262	1.085270451	1.08541182	1.085730046	1.085468143	1.086024646	1.085871566
3	2.560809617	1.119573006	1.119309253	1.119459108	1.119460615	1.119652049	1.120082005	1.120181009	1.120906611	1.120813802
4	3.503507537	1.142335158	1.142279113	1.142280033	1.141936398	1.142872549	1.143038031	1.143488163	1.144838873	1.144441431
5	4.793236085	1.156269195	1.156485123	1.157038678	1.156667986	1.158133905	1.158153962	1.158960424	1.160636038	1.160220578
6	6.557745895	1.164241003	1.16490452	1.165651323	1.165468218	1.1672891	1.168075525	1.1686536	1.170864566	1.170990906
7	8.971815795	1.167595617	1.169169671	1.170373546	1.170302268	1.173180707	1.173813999	1.175615917	1.177959719	1.178480235
8	12.27456506	1.167394218	1.17072537	1.172088129	1.17213819	1.175839474	1.177069292	1.179605344	1.182976396	1.183965388
9	16.79313875	1.165092569	1.169226477	1.171824861	1.172670981	1.177196406	1.17884386	1.182747187	1.187185919	1.188291617
10	22.97511217	1.16021794	1.165462265	1.16950255	1.172097413	1.177294491	1.179542623	1.185302447	1.190969127	1.192947234
11	31.43282426	1.152709371	1.159920542	1.164859641	1.170079448	1.176811138	1.180500158	1.188054985	1.195057624	1.199237362
12	43.00403122	1.142584098	1.151627709	1.159159207	1.166131855	1.175720404	1.181976004	1.191033559	1.200716923	1.206804043
13	58.8348882	1.12738382	1.139725283	1.150285176	1.160660666	1.174077653	1.183126097	1.195326209	1.207779579	1.216660063
14	80.49347866	1.107277097	1.123639856	1.138360273	1.153536095	1.170773165	1.183861435	1.200428799	1.217140335	1.229805644
15	110.1251367	1.0800659	1.101911612	1.12210636	1.143157973	1.165884656	1.185210426	1.206892169	1.230215741	1.248897071
16	150.6649475	1.043762851	1.072613623	1.101498006	1.129208231	1.160898644	1.187485335	1.217538552	1.24908002	1.274433745
										
f(s)=s^(而-2)*(P≡s)		g(s)=s^考			p	d(f(2^16)-f(2^15)/d(g(2^16)-g(2^15))				
					0.04721	-0.000895491				
					0.04722	-0.026458279				
					0.04723	-0.000508349				
					0.04724	-0.0003441				
					0.04725	-0.000122991				
					0.04726	5.61154E-05				
					0.04727	0.000262615				
					0.04728	0.000465327				
					0.04729	0.000629916				
										
SC-12345										
	s^考	s^(而-2)*(P≡s)								
log_2^(s)		0.04616	0.04617	0.04618	0.04619	0.0462				
0	1	1	1	1	1	1				
1	1.368124953	1.059375194	1.059395393	1.05938722	1.059287771	1.05929442				
2	1.871765887	1.106030572	1.106286094	1.105922211	1.106119736	1.106228597				
3	2.560809617	1.139042759	1.139804813	1.139406597	1.139662166	1.14020199				
4	3.503507537	1.161516243	1.162452379	1.162180059	1.16278364	1.163360659				
5	4.793236085	1.176192524	1.176815272	1.17695439	1.177512669	1.178393137				
6	6.557745895	1.184812307	1.185558856	1.186032223	1.187077409	1.188089681				
7	8.971815795	1.189255825	1.190379702	1.191490735	1.193072944	1.194325625				
8	12.27456506	1.19110544	1.192875148	1.195184385	1.196193566	1.19864072				
9	16.79313875	1.191509054	1.193382201	1.197159143	1.198621837	1.202108181				
10	22.97511217	1.188876738	1.192932023	1.198026414	1.200362901	1.205643232				
11	31.43282426	1.185419925	1.191226809	1.198573039	1.202393947	1.209006565				
12	43.00403122	1.180929869	1.188863998	1.197896092	1.204693416	1.213426382				
13	58.8348882	1.1739457	1.185481112	1.196605914	1.207809725	1.219144859				
14	80.49347866	1.164549789	1.180503134	1.196072941	1.211648822	1.227891892				
15	110.1251367	1.150895443	1.17370479	1.195252844	1.216256345	1.239127094				
16	150.6649475	1.133204977	1.164790331	1.194052044	1.22299697	1.254686103				
										
f(s)=s^(而-2)*(P≡s)		g(s)=s^考			p	d(f(2^16)-f(2^15)/d(g(2^16)-g(2^15))				
					0.04616	-0.000436373				
					0.04617	-0.028732012				
					0.04618	-2.96203E-05				
					0.04619	0.000166272				
					0.0462	0.000383796				
