FCC-1										
	s^σ	s^(τ-2)*(P≥s)								
log_2^(s)		0.199	0.1991	0.1992	0.1993	0.1994				
0	1	1	1	1	1	1				
1	1.368124953	1.060598511	1.060524891	1.06051729	1.060778918	1.061085871				
2	1.871765887	1.108797672	1.108953013	1.109113509	1.109597196	1.110037586				
3	2.560809617	1.140467876	1.141276805	1.141635832	1.142286103	1.143214291				
4	3.503507537	1.160325305	1.161500208	1.162349494	1.163327279	1.165121719				
5	4.793236085	1.171554028	1.172911427	1.175081525	1.176138699	1.178756874				
6	6.557745895	1.17650532	1.179378729	1.182276987	1.184212037	1.187676952				
7	8.971815795	1.177744589	1.181662284	1.186504812	1.189278099	1.193864976				
8	12.27456506	1.176433326	1.181800679	1.188156064	1.192238201	1.199007441				
9	16.79313875	1.171983837	1.17986916	1.188050397	1.194836664	1.203957381				
10	22.97511217	1.165030379	1.175878247	1.187688633	1.197227135	1.209719008				
11	31.43282426	1.153925927	1.169943556	1.186231319	1.200373643	1.216909008				
12	43.00403122	1.13937624	1.161372511	1.184618484	1.204448803	1.227231646				
13	58.8348882	1.119612296	1.150054231	1.181163519	1.209745682	1.24102382				
14	80.49347866	1.092532983	1.135137702	1.177740344	1.216768301	1.259603556				
15	110.1251367	1.056077096	1.113693932	1.172428219	1.226549232	1.28497755				
16	150.6649475	1.006008426	1.084555325	1.164464744	1.24037942	1.319831987				
										
f(s)=s^(τ-2)*(P≥s)		g(s)=s^σ			p	d(f(2^16)-f(2^15)/d(g(2^16)-g(2^15))				
					0.199	-0.001235049				
					0.1991	-0.026752846				
					0.1992	-0.000196436				
					0.1993	0.000341151				
					0.1994	0.000859758				
										
FCC-2										
	s^σ	s^(τ-2)*(P≥s)								
log_2^(s)		0.3111	0.3112	0.3113	0.3114	0.3115	0.3116	0.3117	0.3118	0.3119
0	1	1	1	1	1	1	1	1	1	1
1	1.368124953	1.018232837	1.018403237	1.018397828	1.018589581	1.018573161	1.018692085	1.018746941	1.018925585	1.019098193
2	1.871765887	1.060534364	1.060964108	1.06102409	1.061432579	1.061532612	1.061856431	1.061960949	1.062347171	1.06251885
3	2.560809617	1.093052003	1.093847393	1.094021992	1.094616085	1.094825373	1.095547006	1.095656478	1.096341202	1.096780808
4	3.503507537	1.11433175	1.115505934	1.115948984	1.116724806	1.117306308	1.118397999	1.118627822	1.119595876	1.120386156
5	4.793236085	1.127229209	1.12878172	1.129689005	1.130778628	1.131895718	1.133378762	1.134113521	1.135503022	1.136627637
6	6.557745895	1.133645889	1.135726995	1.137287726	1.139167115	1.140527505	1.14287189	1.144056081	1.145965132	1.147881509
7	8.971815795	1.134984511	1.138052798	1.140485701	1.143150647	1.145343531	1.148538748	1.150554936	1.153202438	1.156053765
8	12.27456506	1.132537249	1.136758018	1.140247238	1.144202468	1.147532443	1.151729417	1.154994394	1.158785591	1.162732609
9	16.79313875	1.126305624	1.131993222	1.137491961	1.142892303	1.14771136	1.153314722	1.158300002	1.163669506	1.168990202
10	22.97511217	1.116280805	1.124085536	1.131833043	1.139233372	1.14635626	1.154245251	1.161021194	1.168573062	1.176277707
11	31.43282426	1.101675028	1.112311284	1.123007966	1.133264728	1.14346781	1.15434187	1.1640711	1.174553579	1.185405085
12	43.00403122	1.081202226	1.095789098	1.110549613	1.124898085	1.139271672	1.154012196	1.168181777	1.182439727	1.197395149
13	58.8348882	1.052778699	1.073121306	1.093372616	1.113138044	1.133281022	1.153609544	1.17348097	1.19322114	1.21351808
14	80.49347866	1.014113527	1.042182346	1.069903305	1.096930277	1.124881244	1.152890499	1.180597757	1.207746306	1.235583449
15	110.1251367	0.961928223	0.999822666	1.037448517	1.075384958	1.113481418	1.151781097	1.190019724	1.228101926	1.265883123
16	150.6649475	0.891724829	0.942508711	0.993627954	1.045514978	1.097796673	1.150297962	1.203145326	1.255505997	1.307509662
										
f(s)=s^(τ-2)*(P≥s)		g(s)=s^σ			p	d(f(2^16)-f(2^15)/d(g(2^16)-g(2^15))				
					0.3111	-0.001731715				
					0.3112	-0.023248967				
					0.3113	-0.001080927				
					0.3114	-0.000736806				
					0.3115	-0.000386897				
					0.3116	-3.65847E-05				
					0.3117	0.000323771				
					0.3118	0.000675979				
					0.3119	0.001026806				
										
FCC-12										
	s^σ	s^(τ-2)*(P≥s)								
log_2^(s)		0.1359	0.136	0.1361	0.1362	0.1363	0.1364			
0	1	1	1	1	1	1	1			
1	1.368124953	1.057794907	1.058004224	1.058152962	1.05835747	1.058694758	1.058671671			
2	1.871765887	1.100606182	1.101118514	1.101735571	1.102359559	1.102392626	1.103056665			
3	2.560809617	1.131180779	1.132019516	1.133319323	1.134352501	1.13469802	1.135957818			
4	3.503507537	1.150863572	1.15312085	1.154496718	1.155842171	1.15744218	1.158871306			
5	4.793236085	1.162200796	1.165521249	1.167913154	1.170203959	1.172816553	1.174697081			
6	6.557745895	1.167925483	1.172101134	1.175798009	1.179675628	1.183083404	1.186255627			
7	8.971815795	1.168771643	1.175027941	1.180430328	1.185651624	1.19144339	1.196086292			
8	12.27456506	1.165864811	1.174704955	1.182271119	1.189913436	1.198308893	1.205091594			
9	16.79313875	1.159625203	1.171200219	1.182672365	1.193381345	1.205041504	1.215120377			
10	22.97511217	1.149914947	1.165381445	1.181288513	1.196814616	1.213495087	1.227448286			
11	31.43282426	1.136278395	1.156769721	1.179575396	1.199889102	1.223658723	1.243879491			
12	43.00403122	1.115815453	1.144492773	1.175798946	1.205012026	1.236952635	1.264891094			
13	58.8348882	1.088397698	1.12780218	1.171396655	1.212367915	1.255311917	1.294792721			
14	80.49347866	1.051002748	1.10616936	1.164888185	1.222181383	1.280159823	1.335110355			
15	110.1251367	0.999981712	1.075643194	1.156762281	1.23429418	1.313785028	1.390117952			
16	150.6649475	0.9300584	1.035106567	1.144389964	1.25200177	1.359940939	1.466058714			
										
f(s)=s^(τ-2)*(P≥s)		g(s)=s^σ			p	d(f(2^16)-f(2^15)/d(g(2^16)-g(2^15))				
					0.1359	-0.001724806				
					0.136	-0.025533088				
					0.1361	-0.000305189				
					0.1362	0.000436795				
					0.1363	0.001138533				
					0.1364	0.001873239				
										
FCC-3										
	s^σ	s^(τ-2)*(P≥s)								
log_2^(s)		0.07621	0.07622	0.07623	0.07624	0.07625	0.07626	0.07627	0.07628	0.07629
0	1	1	1	1	1	1	1	1	1	1
1	1.368124953	0.969810342	0.970021913	0.970153183	0.969812259	0.970032378	0.970179622	0.969946761	0.970174112	0.970221571
2	1.871765887	0.988295926	0.988814371	0.988724766	0.988193122	0.988859305	0.988992954	0.988993399	0.988891688	0.989230443
3	2.560809617	1.017928326	1.018268583	1.018427253	1.017992188	1.018604373	1.018959	1.019175573	1.01884039	1.019299527
4	3.503507537	1.041854823	1.042281703	1.042659701	1.042087872	1.04289023	1.043257245	1.043613135	1.043320339	1.04389151
5	4.793236085	1.05793972	1.058457002	1.058766593	1.058609754	1.059592832	1.060237721	1.060046545	1.060479615	1.060890457
6	6.557745895	1.068149492	1.068893492	1.069188743	1.070016296	1.070910026	1.071699201	1.071458441	1.072252237	1.073006725
7	8.971815795	1.073989544	1.075596923	1.075949423	1.076905178	1.078452059	1.079061956	1.079071387	1.080499213	1.081253517
8	12.27456506	1.076896227	1.079328981	1.079836842	1.080696539	1.082607734	1.08424427	1.084516937	1.086040165	1.087405401
9	16.79313875	1.077534642	1.080545822	1.081560854	1.08307334	1.08567033	1.087739408	1.08830653	1.089997544	1.092029711
10	22.97511217	1.07597253	1.079723093	1.081916386	1.084112524	1.087087089	1.089723927	1.091189199	1.093858739	1.096333256
11	31.43282426	1.073021046	1.07767081	1.080722983	1.083472128	1.088096296	1.091872351	1.094337113	1.097512598	1.100731478
12	43.00403122	1.068304181	1.074386868	1.078613891	1.082127806	1.088179122	1.093240395	1.09754509	1.101655706	1.106004102
13	58.8348882	1.061376616	1.069097818	1.07475798	1.079872172	1.087563046	1.095205973	1.101509222	1.107156296	1.113341056
14	80.49347866	1.05137551	1.061630716	1.069791872	1.077977185	1.087363612	1.097103283	1.106650052	1.114635379	1.123344984
15	110.1251367	1.037559178	1.051641604	1.062626853	1.074483711	1.0876104	1.100632346	1.113130148	1.124596715	1.137107382
16	150.6649475	1.018174917	1.037047562	1.053559813	1.069870857	1.087481746	1.104391241	1.122429942	1.137939308	1.155579722
										
f(s)=s^(τ-2)*(P≥s)		g(s)=s^σ			p	d(f(2^16)-f(2^15)/d(g(2^16)-g(2^15))				
					0.07621	-0.000478154				
					0.07622	-0.025580967				
					0.07623	-0.000223658				
					0.07624	-0.000113786				
					0.07625	-3.17353E-06				
					0.07626	9.27211E-05				
					0.07627	0.000229399				
					0.07628	0.000329123				
					0.07629	0.000455659				
										
FCC-13										
	s^σ	s^(τ-2)*(P≥s)								
log_2^(s)		0.06601	0.06602	0.06603	0.06604	0.06605	0.06606	0.06607	0.06608	0.06609
0	1	1	1	1	1	1	1	1	1	1
1	1.368124953	1.042364879	1.042323665	1.042593601	1.04253163	1.042677859	1.042734795	1.042520187	1.042629228	1.042810289
2	1.871765887	1.090564045	1.090626283	1.090880574	1.090948433	1.091116625	1.091438419	1.091219816	1.091095005	1.091351943
3	2.560809617	1.124011644	1.124254064	1.124577854	1.124561252	1.125021945	1.125186842	1.125201485	1.124859638	1.125696502
4	3.503507537	1.146782679	1.146466271	1.147586916	1.147507987	1.148141301	1.147987356	1.148275863	1.148490587	1.149002678
5	4.793236085	1.160967351	1.160301981	1.161606864	1.162564505	1.163206996	1.162811533	1.163524866	1.163813863	1.164443385
6	6.557745895	1.168541459	1.168458495	1.170513035	1.17076477	1.172430921	1.171877397	1.172917894	1.173420509	1.174393608
7	8.971815795	1.172084167	1.172241605	1.174838955	1.174960669	1.177883695	1.176702374	1.178410994	1.179280544	1.180546612
8	12.27456506	1.171988287	1.172481191	1.175806849	1.17629181	1.179796027	1.179417937	1.18102099	1.181871262	1.183877469
9	16.79313875	1.169044225	1.170236772	1.17471179	1.175380963	1.179492501	1.180307628	1.182310178	1.183161157	1.185884534
10	22.97511217	1.163771744	1.166159169	1.171796215	1.171929695	1.177844363	1.179411598	1.181935882	1.183870063	1.187489327
11	31.43282426	1.15569637	1.159752619	1.16588068	1.166952912	1.174201659	1.177094857	1.180772632	1.183783637	1.188941566
12	43.00403122	1.143826074	1.149794065	1.15760162	1.16019913	1.168882451	1.173289315	1.178894368	1.183276939	1.190177447
13	58.8348882	1.126918053	1.135722997	1.145568656	1.151831564	1.161389087	1.168336937	1.175704738	1.182087549	1.191678717
14	80.49347866	1.104440484	1.116158541	1.129830044	1.138537548	1.15111674	1.161009413	1.171410424	1.180758155	1.194023766
15	110.1251367	1.074368421	1.089389665	1.106637759	1.119527787	1.136897806	1.151076314	1.165577973	1.179394281	1.196366293
16	150.6649475	1.032695786	1.052531291	1.075702586	1.094728399	1.117353127	1.136841878	1.157519064	1.176888511	1.199989424
										
f(s)=s^(τ-2)*(P≥s)		g(s)=s^σ			p	d(f(2^16)-f(2^15)/d(g(2^16)-g(2^15))				
					0.06601	-0.001027944				
					0.06602	-0.025962906				
					0.06603	-0.000763081				
					0.06604	-0.000611729				
					0.06605	-0.000482111				
					0.06606	-0.000351122				
					0.06607	-0.00019879				
					0.06608	-6.18101E-05				
					0.06609	8.93722E-05				
										
FCC-23										
	s^σ	s^(τ-2)*(P≥s)								
log_2^(s)		0.06884	0.06885	0.06886	0.06887	0.06888	0.06889	0.0689	0.06891	0.06892
0	1	1	1	1	1	1	1	1	1	1
1	1.368124953	1.005960721	1.005988704	1.005726263	1.005845864	1.005928096	1.005482146	1.00566457	1.005866422	1.006055548
2	1.871765887	1.03573854	1.036024793	1.035634213	1.036004335	1.036335149	1.035967378	1.035656138	1.035971885	1.036667507
3	2.560809617	1.068033072	1.068003585	1.068169699	1.068741897	1.068909397	1.06954754	1.068580563	1.068787112	1.069593586
4	3.503507537	1.090736336	1.091612605	1.09147926	1.092162592	1.092304341	1.092952172	1.091924278	1.092167278	1.093351592
5	4.793236085	1.106228102	1.106542352	1.106726304	1.107821303	1.107856026	1.109057982	1.107673252	1.108176547	1.109543852
6	6.557745895	1.114925055	1.115998347	1.116275044	1.117594649	1.118055965	1.119587594	1.118140355	1.11888877	1.121105449
7	8.971815795	1.12037733	1.121509586	1.122024248	1.123845336	1.124914504	1.125494216	1.125221634	1.125778865	1.128947359
8	12.27456506	1.12342135	1.12414245	1.125495693	1.127383524	1.129053529	1.130325819	1.129849146	1.131032207	1.135545477
9	16.79313875	1.123303806	1.124846522	1.126192891	1.130092342	1.131014931	1.133029287	1.132883847	1.135481253	1.140041778
10	22.97511217	1.121627292	1.123794325	1.12707562	1.130586118	1.132355342	1.135366625	1.136782813	1.139730541	1.145834661
11	31.43282426	1.117863434	1.120992851	1.125897286	1.130813829	1.13274282	1.13760634	1.139997686	1.144633379	1.151351902
12	43.00403122	1.113764216	1.117277446	1.124377431	1.131233301	1.134782567	1.140851745	1.144267011	1.149363968	1.158359357
13	58.8348882	1.105477013	1.112328368	1.121865599	1.129505622	1.135388245	1.145751416	1.149105114	1.157329973	1.168543316
14	80.49347866	1.095889823	1.10522519	1.118341235	1.130587838	1.13866663	1.150867343	1.157050949	1.167745937	1.181403977
15	110.1251367	1.082090099	1.095749552	1.111971336	1.127527672	1.138980661	1.156519133	1.165434322	1.181410691	1.199478981
16	150.6649475	1.064621441	1.083730017	1.102887188	1.124895748	1.140927141	1.164313783	1.179284211	1.200762622	1.223837721
										
f(s)=s^(τ-2)*(P≥s)		g(s)=s^σ			p	d(f(2^16)-f(2^15)/d(g(2^16)-g(2^15))				
					0.06884	-0.000430901				
					0.06885	-0.026732488				
					0.06886	-0.00022408				
					0.06887	-6.4922E-05				
					0.06888	4.8014E-05				
					0.06889	0.000192271				
					0.0689	0.000341637				
					0.06891	0.000477356				
					0.06892	0.00060086				
										
FCC-123										
	s^σ	s^(τ-2)*(P≥s)								
log_2^(s)		0.06186	0.06187	0.06188	0.06189	0.0619	0.06191			
0	1	1	1	1	1	1	1			
1	1.368124953	1.062226911	1.062174305	1.061885923	1.062066351	1.062290383	1.062075496			
2	1.871765887	1.109454701	1.109684391	1.109332297	1.109553503	1.109974794	1.109892031			
3	2.560809617	1.142601511	1.142813697	1.142523434	1.143305119	1.143525738	1.143545702			
4	3.503507537	1.164660926	1.16479213	1.164679132	1.165293308	1.166210791	1.166210131			
5	4.793236085	1.178551174	1.178303886	1.178489551	1.179661358	1.180126379	1.180823655			
6	6.557745895	1.186532406	1.187128372	1.186998548	1.188723212	1.189187895	1.19017517			
7	8.971815795	1.190915449	1.191445529	1.191822031	1.193959731	1.195006742	1.196352677			
8	12.27456506	1.192571367	1.193676183	1.194515666	1.197206424	1.198355048	1.20042691			
9	16.79313875	1.192419204	1.194016536	1.196001645	1.199487024	1.20107431	1.203679296			
10	22.97511217	1.191402146	1.192787082	1.196343855	1.201121191	1.203023147	1.206684569			
11	31.43282426	1.188468963	1.191506782	1.196413706	1.201681388	1.20595702	1.210488165			
12	43.00403122	1.184642244	1.18898789	1.195927618	1.203092951	1.208903964	1.214779819			
13	58.8348882	1.178756054	1.185786905	1.195130829	1.204878239	1.212732298	1.221086335			
14	80.49347866	1.170216141	1.181025546	1.193564065	1.20649343	1.217393516	1.229225675			
15	110.1251367	1.159139398	1.174164653	1.191181353	1.208103927	1.223954773	1.240526275			
16	150.6649475	1.144224875	1.165121983	1.188153114	1.211433976	1.233817021	1.25680011			
										
f(s)=s^(τ-2)*(P≥s)		g(s)=s^σ			p	d(f(2^16)-f(2^15)/d(g(2^16)-g(2^15))				
					0.06186	-0.000367898				
					0.06187	-0.028740193				
					0.06188	-7.46979E-05				
					0.06189	8.21427E-05				
					0.0619	0.000243273				
					0.06191	0.000401429				
										
FCC-4										
	s^σ	s^(τ-2)*(P≥s)								
log_2^(s)		0.199	0.1991	0.1992	0.1993	0.1994				
0	1	1	1	1	1	1				
1	1.368124953	1.060598511	1.060524891	1.06051729	1.060778918	1.061085871				
2	1.871765887	1.108797672	1.108953013	1.109113509	1.109597196	1.110037586				
3	2.560809617	1.140467876	1.141276805	1.141635832	1.142286103	1.143214291				
4	3.503507537	1.160325305	1.161500208	1.162349494	1.163327279	1.165121719				
5	4.793236085	1.171554028	1.172911427	1.175081525	1.176138699	1.178756874				
6	6.557745895	1.17650532	1.179378729	1.182276987	1.184212037	1.187676952				
7	8.971815795	1.177744589	1.181662284	1.186504812	1.189278099	1.193864976				
8	12.27456506	1.176433326	1.181800679	1.188156064	1.192238201	1.199007441				
9	16.79313875	1.171983837	1.17986916	1.188050397	1.194836664	1.203957381				
10	22.97511217	1.165030379	1.175878247	1.187688633	1.197227135	1.209719008				
11	31.43282426	1.153925927	1.169943556	1.186231319	1.200373643	1.216909008				
12	43.00403122	1.13937624	1.161372511	1.184618484	1.204448803	1.227231646				
13	58.8348882	1.119612296	1.150054231	1.181163519	1.209745682	1.24102382				
14	80.49347866	1.092532983	1.135137702	1.177740344	1.216768301	1.259603556				
15	110.1251367	1.056077096	1.113693932	1.172428219	1.226549232	1.28497755				
16	150.6649475	1.006008426	1.084555325	1.164464744	1.24037942	1.319831987				
										
f(s)=s^(τ-2)*(P≥s)		g(s)=s^σ			p	d(f(2^16)-f(2^15)/d(g(2^16)-g(2^15))				
					0.199	-0.001235049				
					0.1991	-0.026752846				
					0.1992	-0.000196436				
					0.1993	0.000341151				
					0.1994	0.000859758				
										
FCC-14										
	s^σ	s^(τ-2)*(P≥s)								
log_2^(s)		0.08551	0.08552	0.08553	0.08554	0.08555	0.08556	0.08557	0.08558	0.08559
0	1	1	1	1	1	1	1	1	1	1
1	1.368124953	1.006784588	1.006441024	1.006580389	1.006768917	1.00684158	1.006700997	1.006685956	1.006790759	1.006895336
2	1.871765887	1.029061991	1.028649384	1.029132353	1.029021946	1.029163401	1.029291921	1.029244873	1.029269139	1.029492323
3	2.560809617	1.051503101	1.051137607	1.051780395	1.051380515	1.051885051	1.05219556	1.052146601	1.052072933	1.052357598
4	3.503507537	1.069649785	1.069135189	1.069775295	1.069535536	1.070165353	1.070477842	1.070715716	1.070860317	1.070886547
5	4.793236085	1.082394853	1.081667173	1.082790573	1.082480219	1.083508736	1.083691595	1.084107865	1.084500025	1.08447499
6	6.557745895	1.090519184	1.090239681	1.091395066	1.091419515	1.09244248	1.092526525	1.093711841	1.094385069	1.094183108
7	8.971815795	1.095782814	1.095452573	1.097252583	1.097120923	1.098481847	1.098633093	1.100028086	1.100945962	1.101028432
8	12.27456506	1.09811535	1.097908557	1.100080359	1.100159942	1.10234797	1.102777343	1.104406201	1.105810781	1.106201529
9	16.79313875	1.098570175	1.098324813	1.101434023	1.1019194	1.104172832	1.105462905	1.10765367	1.109764235	1.110308944
10	22.97511217	1.096800172	1.097708786	1.100878844	1.102433931	1.105519978	1.107126745	1.110066432	1.11281024	1.114283174
11	31.43282426	1.093908049	1.09582988	1.099542632	1.102239346	1.106200858	1.108578152	1.111999424	1.11589493	1.118389251
12	43.00403122	1.089281425	1.092104871	1.097075217	1.100741929	1.106157602	1.109732725	1.114658028	1.119035697	1.12337543
13	58.8348882	1.081944116	1.086871313	1.093758331	1.098917205	1.106246639	1.111177668	1.117723669	1.123919884	1.129734694
14	80.49347866	1.072828454	1.079670905	1.088706176	1.096643466	1.106100533	1.112886886	1.121827193	1.130209059	1.13846529
15	110.1251367	1.059447661	1.069626542	1.081808944	1.092590448	1.104402001	1.114958929	1.12745477	1.138727633	1.150027826
16	150.6649475	1.040902843	1.055774025	1.071547278	1.087897296	1.102758502	1.117939403	1.135031479	1.150278097	1.165603783
										
f(s)=s^(τ-2)*(P≥s)		g(s)=s^σ			p	d(f(2^16)-f(2^15)/d(g(2^16)-g(2^15))				
					0.08551	-0.000457447				
					0.08552	-0.026042895				
					0.08553	-0.000253126				
					0.08554	-0.000115767				
					0.08555	-4.05404E-05				
					0.08556	7.35197E-05				
					0.08557	0.000186896				
					0.08558	0.000284917				
					0.08559	0.000384214				
										
FCC-24										
	s^σ	s^(τ-2)*(P≥s)								
log_2^(s)		0.137	0.1371	0.1372	0.1373	0.1374	0.1375	0.1376		
0	1	1	1	1	1	1	1	1		
1	1.368124953	1.060452869	1.059698366	1.059953988	1.060190363	1.060364481	1.060536919	1.06051074		
2	1.871765887	1.107878847	1.106991858	1.10769207	1.108272886	1.108517283	1.109170636	1.109477502		
3	2.560809617	1.139620323	1.139054524	1.14018069	1.141195965	1.142096251	1.142951412	1.143522099		
4	3.503507537	1.159468238	1.15908796	1.160886832	1.16250442	1.163996977	1.165603467	1.166786585		
5	4.793236085	1.16928131	1.170616653	1.173215953	1.175481163	1.178216243	1.180597362	1.182598669		
6	6.557745895	1.173191578	1.176109734	1.180306847	1.18322157	1.187633405	1.190997332	1.194025392		
7	8.971815795	1.171961389	1.177440747	1.182797773	1.187725447	1.19382688	1.19878904	1.203759512		
8	12.27456506	1.167847492	1.174813328	1.182728193	1.190028736	1.198578807	1.206139126	1.213782755		
9	16.79313875	1.159010651	1.169549889	1.180812424	1.191251368	1.203066714	1.21379162	1.224826031		
10	22.97511217	1.145681103	1.160742116	1.17694018	1.191754428	1.20804932	1.223324576	1.23889152		
11	31.43282426	1.131868227	1.148277634	1.170582931	1.19167103	1.213806406	1.235686667	1.257070411		
12	43.00403122	1.106678084	1.130660331	1.16130258	1.191214501	1.221650744	1.252251628	1.281983303		
13	58.8348882	1.072529771	1.106930657	1.14974122	1.190424941	1.232592966	1.274829415	1.315794531		
14	80.49347866	1.027604958	1.074690469	1.132972613	1.189730497	1.247519116	1.305898818	1.362768556		
15	110.1251367	0.96214678	1.030714076	1.11048432	1.188877882	1.268311446	1.34836361	1.426415155		
16	150.6649475	0.873530281	0.971391206	1.080072615	1.187636255	1.296554956	1.40587372	1.512424585		
										
f(s)=s^(τ-2)*(P≥s)		g(s)=s^σ			p	d(f(2^16)-f(2^15)/d(g(2^16)-g(2^15))				
					0.137	-0.002185913				
					0.1371	-0.023961414				
					0.1372	-0.000750169				
					0.1373	-3.06273E-05				
					0.1374	0.000696686				
					0.1375	0.001418608				
					0.1376	0.002121604				
										
FCC-34										
	s^σ	s^(τ-2)*(P≥s)								
log_2^(s)		0.05531	0.05532	0.05533	0.05534	0.05535	0.05536			
0	1	1	1	1	1	1	1			
1	1.368124953	0.992850716	0.99263369	0.992961154	0.993266099	0.99325945	0.9933999			
2	1.871765887	1.028865753	1.028001698	1.02895166	1.029377434	1.02943984	1.029386468			
3	2.560809617	1.064080897	1.063268648	1.06433206	1.064982607	1.064871287	1.065046284			
4	3.503507537	1.088119439	1.087417441	1.088735698	1.089391886	1.089669877	1.089571241			
5	4.793236085	1.103685812	1.103349677	1.105313123	1.105745325	1.106536611	1.106231918			
6	6.557745895	1.113758108	1.113670782	1.11579914	1.116644689	1.117702558	1.117728196			
7	8.971815795	1.119787603	1.119874882	1.122267211	1.123316609	1.125404004	1.125626512			
8	12.27456506	1.122675354	1.1233335	1.126509779	1.127630365	1.130413052	1.131277758			
9	16.79313875	1.12313533	1.124846239	1.128953343	1.130336241	1.134018851	1.13524418			
10	22.97511217	1.122099153	1.12427456	1.12968252	1.132606133	1.137367511	1.138908281			
11	31.43282426	1.119162684	1.123241234	1.129998664	1.134307487	1.139690452	1.142916006			
12	43.00403122	1.115444223	1.121384016	1.129530832	1.135529099	1.143014098	1.148072819			
13	58.8348882	1.108991369	1.117663721	1.128941508	1.136121382	1.146803396	1.154502397			
14	80.49347866	1.099971264	1.112092037	1.125845556	1.137879708	1.151040383	1.163363517			
15	110.1251367	1.086937859	1.104319413	1.122841467	1.139416523	1.15730246	1.174793861			
16	150.6649475	1.070520188	1.094276836	1.118756374	1.142019139	1.166252477	1.190445915			
										
f(s)=s^(τ-2)*(P≥s)		g(s)=s^σ			p	d(f(2^16)-f(2^15)/d(g(2^16)-g(2^15))				
					0.05531	-0.000404977				
					0.05532	-0.026992648				
					0.05533	-0.000100767				
					0.05534	6.4199E-05				
					0.05535	0.000220771				
					0.05536	0.000386091				
										
FCC-124										
	s^σ	s^(τ-2)*(P≥s)								
log_2^(s)		0.07513	0.07514	0.07515	0.07516	0.07517				
0	1	1	1	1	1	1				
1	1.368124953	1.030474768	1.030710726	1.030583111	1.030680117	1.030718266				
2	1.871765887	1.063682281	1.06425993	1.064062148	1.064054558	1.064424697				
3	2.560809617	1.091070107	1.091578259	1.09140266	1.091668722	1.091996289				
4	3.503507537	1.111217126	1.111470732	1.111268833	1.111463505	1.112610648				
5	4.793236085	1.124758302	1.125037674	1.124858553	1.125302163	1.126578241				
6	6.557745895	1.133431484	1.133837087	1.134009899	1.134637534	1.136241207				
7	8.971815795	1.138606387	1.139355909	1.13951483	1.141179273	1.142696049				
8	12.27456506	1.14162969	1.142563355	1.143239827	1.144987675	1.147286069				
9	16.79313875	1.143234112	1.144300777	1.145583253	1.147565233	1.150432477				
10	22.97511217	1.142763013	1.144877303	1.146420102	1.149309142	1.152511643				
11	31.43282426	1.141593664	1.144917105	1.14779987	1.150814542	1.155487151				
12	43.00403122	1.139712504	1.144101483	1.148855557	1.153130252	1.159270747				
13	58.8348882	1.13640155	1.142781246	1.149091268	1.155842111	1.163827303				
14	80.49347866	1.131234054	1.140634938	1.149624487	1.15899083	1.170186519				
15	110.1251367	1.124550489	1.138176839	1.150234864	1.163443881	1.178866399				
16	150.6649475	1.11589954	1.133911982	1.151223713	1.169120348	1.18936882				
										
f(s)=s^(τ-2)*(P≥s)		g(s)=s^σ			p	d(f(2^16)-f(2^15)/d(g(2^16)-g(2^15))				
					0.07513	-0.000213394				
					0.07514	-0.027970332				
					0.07515	2.4392E-05				
					0.07516	0.000140022				
					0.07517	0.000259064				
										
FCC-134										
	s^σ	s^(τ-2)*(P≥s)								
log_2^(s)		0.05128	0.05129	0.0513	0.05131	0.05132	0.05133	0.05134	0.05135	0.05136
0	1	1	1	1	1	1	1	1	1	1
1	1.368124953	1.048784545	1.048963711	1.049217927	1.049223821	1.049007588	1.048993617	1.049224051	1.04914146	1.049309528
2	1.871765887	1.094461583	1.094747052	1.094976437	1.095190371	1.094895473	1.094982519	1.095236544	1.095256175	1.095446609
3	2.560809617	1.127736256	1.128218396	1.128065364	1.128657833	1.128541836	1.128817387	1.129049997	1.129127807	1.129207266
4	3.503507537	1.149844262	1.150459739	1.150671001	1.151030052	1.151371003	1.151558048	1.152192315	1.152402302	1.152574183
5	4.793236085	1.163805856	1.1646157	1.165234307	1.165566407	1.166078149	1.166551156	1.167497665	1.167724109	1.168292937
6	6.557745895	1.171597835	1.172848697	1.173340596	1.17418633	1.175131471	1.176195665	1.177254746	1.177552316	1.17849362
7	8.971815795	1.175306408	1.177166048	1.178150929	1.179025537	1.180687235	1.182239001	1.183646964	1.184537595	1.185635683
8	12.27456506	1.175986067	1.178488797	1.179975739	1.181308982	1.18335972	1.185681585	1.187634471	1.18928839	1.190719149
9	16.79313875	1.174143602	1.177245849	1.179872732	1.182034645	1.184643247	1.187687327	1.19055742	1.193322881	1.195468832
10	22.97511217	1.169734688	1.174379779	1.178147296	1.181297568	1.18496644	1.188838678	1.193190779	1.197032038	1.200198937
11	31.43282426	1.163010949	1.169251506	1.174547777	1.179373169	1.184423949	1.189976062	1.195956434	1.201329178	1.205957178
12	43.00403122	1.153585293	1.162123727	1.169541702	1.176166864	1.183445508	1.19111327	1.199026192	1.206728877	1.213486175
13	58.8348882	1.140470895	1.152458902	1.162665669	1.171327822	1.18140852	1.192222018	1.2031513	1.213382928	1.223942986
14	80.49347866	1.122590351	1.138399166	1.152026154	1.164839821	1.178669012	1.193730069	1.208774969	1.222586869	1.237126076
15	110.1251367	1.097962606	1.118925421	1.138141386	1.156040933	1.175217035	1.195646956	1.216430763	1.235752604	1.255270322
16	150.6649475	1.064516664	1.092979877	1.11927662	1.144210824	1.171105413	1.198446229	1.226627194	1.253527422	1.280503362
										
f(s)=s^(τ-2)*(P≥s)		g(s)=s^σ			p	d(f(2^16)-f(2^15)/d(g(2^16)-g(2^15))				
					0.05128	-0.000825015				
					0.05129	-0.026960656				
					0.0513	-0.000465339				
					0.05131	-0.000291815				
					0.05132	-0.000101422				
					0.05133	6.905E-05				
					0.05134	0.000251516				
					0.05135	0.000438453				
					0.05136	0.000622426				
										
FCC-234										
	s^σ	s^(τ-2)*(P≥s)								
log_2^(s)		0.05171	0.05172	0.05173	0.05174	0.05175	0.05176	0.05177	0.05178	0.05179
0	1	1	1	1	1	1	1	1	1	1
1	1.368124953	1.017436951	1.017451479	1.017503504	1.017494172	1.017539272	1.017815144	1.017619189	1.017677873	1.0177289
2	1.871765887	1.060126017	1.060413602	1.060563695	1.060575947	1.060684836	1.060926339	1.0608037	1.060982481	1.061186042
3	2.560809617	1.096544066	1.096654105	1.097076195	1.097273081	1.097205621	1.097649976	1.097716598	1.098001294	1.098234894
4	3.503507537	1.120529569	1.120517184	1.121053771	1.121328152	1.121691075	1.122047614	1.122481206	1.122929468	1.123410353
5	4.793236085	1.135726519	1.136057424	1.136954806	1.137257453	1.137756149	1.138303588	1.138865785	1.139533317	1.140392302
6	6.557745895	1.14472811	1.145565136	1.146694897	1.147349149	1.147833433	1.149203198	1.149583629	1.151127653	1.151963461
7	8.971815795	1.149713163	1.150396391	1.15252136	1.153357238	1.154649124	1.156260098	1.156985176	1.158903066	1.160109847
8	12.27456506	1.151606219	1.152594201	1.155313199	1.156950056	1.15876742	1.160987745	1.162145559	1.164675866	1.16680243
9	16.79313875	1.150922934	1.152841054	1.156455253	1.15897142	1.161419542	1.164369549	1.166491477	1.169780849	1.172723064
10	22.97511217	1.148452497	1.15144049	1.156063573	1.159936999	1.16284629	1.167392181	1.17075063	1.175117936	1.17913883
11	31.43282426	1.144047478	1.148710228	1.154855585	1.159956442	1.164761043	1.170462746	1.175239608	1.180787034	1.187051566
12	43.00403122	1.137450962	1.144026833	1.152109848	1.159481824	1.166333109	1.174064008	1.180585596	1.188282521	1.197063005
13	58.8348882	1.128298399	1.13801819	1.148609619	1.158245864	1.168138078	1.178926157	1.188902517	1.199084237	1.210374045
14	80.49347866	1.116050356	1.128280959	1.143440646	1.156718656	1.170113051	1.185584914	1.199308212	1.212751342	1.227959062
15	110.1251367	1.09853126	1.115759868	1.135975914	1.154748812	1.173295131	1.194155559	1.212978375	1.231481208	1.251856504
16	150.6649475	1.074609752	1.099486614	1.126721596	1.152431283	1.178358804	1.205669727	1.231870987	1.257836973	1.284764979
										
f(s)=s^(τ-2)*(P≥s)		g(s)=s^σ			p	d(f(2^16)-f(2^15)/d(g(2^16)-g(2^15))				
					0.05171	-0.000590074				
					0.05172	-0.027121158				
					0.05173	-0.000228277				
					0.05174	-5.71667E-05				
					0.05175	0.000124906				
					0.05176	0.000284021				
					0.05177	0.000466026				
					0.05178	0.000650121				
					0.05179	0.000811757				
										
FCC-1234										
	s^σ	s^(τ-2)*(P≥s)								
log_2^(s)		0.04874	0.04875	0.04876	0.04877	0.04878	0.04879	0.0488	0.04881	0.04882
0	1	1	1	1	1	1	1	1	1	1
1	1.368124953	1.063158873	1.063204779	1.063143329	1.063647997	1.063447843	1.063389061	1.063542331	1.063437429	1.063459922
2	1.871765887	1.110621892	1.110812004	1.110861705	1.111426429	1.111359629	1.111363819	1.11180476	1.111225788	1.111637905
3	2.560809617	1.143534437	1.144217064	1.144194627	1.144948654	1.145224484	1.145314251	1.146108155	1.145480703	1.145950552
4	3.503507537	1.165268911	1.166117393	1.166325176	1.167131304	1.167636236	1.168132586	1.168784834	1.168739897	1.168951863
5	4.793236085	1.178518553	1.179814769	1.179930764	1.181393336	1.182304419	1.182961102	1.183621878	1.184061391	1.184204856
6	6.557745895	1.186174763	1.187706511	1.188173246	1.189701762	1.19095553	1.192061514	1.193121449	1.194165214	1.194127453
7	8.971815795	1.189880522	1.191756777	1.192081971	1.194579848	1.196383651	1.198116076	1.199846639	1.201127754	1.201034236
8	12.27456506	1.190430314	1.193254881	1.194261542	1.197322588	1.199174102	1.201820122	1.20420778	1.205969441	1.206945939
9	16.79313875	1.188935539	1.192704414	1.193978744	1.198765646	1.201063781	1.204578548	1.207769244	1.210493961	1.212293001
10	22.97511217	1.185201689	1.18978611	1.192457859	1.198921326	1.202190316	1.2062459	1.2111196	1.214821171	1.217725827
11	31.43282426	1.17929091	1.185220197	1.189736555	1.198287473	1.203593829	1.20881612	1.214540249	1.220467052	1.224256631
12	43.00403122	1.171312545	1.178910816	1.185840019	1.196205622	1.204213643	1.211724588	1.219787238	1.227858583	1.23367384
13	58.8348882	1.158576407	1.170603148	1.180417971	1.19390578	1.204498497	1.215445361	1.226781888	1.237625144	1.246270723
14	80.49347866	1.142406883	1.158708285	1.17380728	1.189882261	1.204804772	1.220144007	1.236334229	1.251163959	1.263668893
15	110.1251367	1.120690287	1.142885084	1.164167508	1.185991839	1.205549944	1.226201768	1.248310282	1.270261144	1.28706497
16	150.6649475	1.092751773	1.120874033	1.149696991	1.179517801	1.206874289	1.235196637	1.265114694	1.295205275	1.319973229
										
f(s)=s^(τ-2)*(P≥s)		g(s)=s^σ			p	d(f(2^16)-f(2^15)/d(g(2^16)-g(2^15))				
					0.04874	-0.000689162				
					0.04875	-0.027648724				
					0.04876	-0.000356946				
					0.04877	-0.000159696				
					0.04878	3.26678E-05				
					0.04879	0.000221877				
					0.0488	0.000414516				
					0.04881	0.0006153				
					0.04882	0.000811752				
										
FCC-5										
	s^σ	s^(τ-2)*(P≥s)								
log_2^(s)		0.06371	0.06372	0.06373	0.06374	0.06375	0.06376	0.06377	0.06378	0.06379
0	1	1	1	1	1	1	1	1	1	1
1	1.368124953	0.905242873	0.90520411	0.905431184	0.905270036	0.905428135	0.905532514	0.905358074	0.905735515	0.905569858
2	1.871765887	0.880957749	0.881141243	0.88116485	0.88125924	0.881449111	0.88130399	0.881495473	0.881770207	0.881809668
3	2.560809617	0.882664427	0.883055485	0.882897314	0.883368277	0.883435567	0.883553174	0.884022049	0.8841013	0.884009924
4	3.503507537	0.894042637	0.894268369	0.894485053	0.894978584	0.895154891	0.895405685	0.896251842	0.895915193	0.895866819
5	4.793236085	0.906250956	0.906748003	0.907030534	0.907673192	0.907930113	0.908352846	0.909314587	0.908918817	0.909004725
6	6.557745895	0.915580505	0.916241707	0.916647357	0.91737687	0.917895048	0.918781328	0.91988589	0.919915114	0.919721372
7	8.971815795	0.921867241	0.922629465	0.923566468	0.924282671	0.925191252	0.926097918	0.927677581	0.928000487	0.928340777
8	12.27456506	0.92529973	0.926559013	0.927651256	0.928989616	0.93003623	0.931350195	0.933300637	0.934145076	0.934829832
9	16.79313875	0.926315787	0.928278664	0.929395039	0.931335955	0.93342996	0.934905673	0.937652601	0.939028203	0.940043398
10	22.97511217	0.9251969	0.927663358	0.92969838	0.932131911	0.935095935	0.937035385	0.941082847	0.943204504	0.944788992
11	31.43282426	0.921900789	0.925142444	0.928224995	0.931711293	0.936266357	0.938907928	0.943781258	0.946635128	0.949259712
12	43.00403122	0.916104608	0.920498781	0.925540307	0.930028016	0.935974142	0.940268667	0.94618202	0.95048016	0.954288157
13	58.8348882	0.907487907	0.913545998	0.920499955	0.927509177	0.935169091	0.941234583	0.948820843	0.95548436	0.961097263
14	80.49347866	0.895000352	0.904096405	0.913664039	0.923484609	0.93342932	0.941839888	0.952692679	0.961098258	0.969215396
15	110.1251367	0.8783182	0.890198412	0.903841167	0.917688449	0.930430777	0.942317704	0.956663738	0.968827277	0.980756335
16	150.6649475	0.855232312	0.871931809	0.890330793	0.908656563	0.926895615	0.943516694	0.962366947	0.979217521	0.996417942
										
f(s)=s^(τ-2)*(P≥s)		g(s)=s^σ			p	d(f(2^16)-f(2^15)/d(g(2^16)-g(2^15))				
					0.06371	-0.000569462				
					0.06372	-0.021508038				
					0.06373	-0.000333262				
					0.06374	-0.000222791				
					0.06375	-8.72022E-05				
					0.06376	2.95756E-05				
					0.06377	0.000140682				
					0.06378	0.000256297				
					0.06379	0.000386327				
										
FCC-15										
	s^σ	s^(τ-2)*(P≥s)								
log_2^(s)		0.05351	0.05352	0.05353	0.05354	0.05355	0.05356	0.05357	0.05358	0.05359
0	1	1	1	1	1	1	1	1	1	1
1	1.368124953	0.982650887	0.982705062	0.982678925	0.982739334	0.982670248	0.982822752	0.982890686	0.982999226	0.98299535
2	1.871765887	1.001591257	1.00169355	1.001935834	1.001904592	1.00203536	1.002114889	1.00226945	1.002564151	1.002808474
3	2.560809617	1.025412323	1.025417317	1.025700319	1.025881182	1.026060347	1.026106933	1.026392726	1.026909253	1.027410407
4	3.503507537	1.046023165	1.0460249	1.04620464	1.046675972	1.046829888	1.046840673	1.047774432	1.048165323	1.048897532
5	4.793236085	1.060613246	1.060639285	1.061239848	1.061849242	1.062004523	1.062460292	1.063679882	1.06418879	1.064999812
6	6.557745895	1.069915315	1.070172095	1.071147265	1.072068239	1.072567353	1.073549677	1.074681072	1.075348506	1.076849207
7	8.971815795	1.075214242	1.075883622	1.077219687	1.078549965	1.079311711	1.080720078	1.082090614	1.08331169	1.084972123
8	12.27456506	1.077311669	1.078499492	1.080266216	1.082209507	1.083325525	1.084954828	1.087172807	1.088560685	1.091307361
9	16.79313875	1.076494601	1.078320123	1.081012515	1.083544507	1.085441367	1.087830624	1.090503508	1.093147905	1.096396911
10	22.97511217	1.07271755	1.076126385	1.07970169	1.083011123	1.086256542	1.089567848	1.09261756	1.096794051	1.101179463
11	31.43282426	1.06668804	1.071587103	1.076804191	1.081296529	1.08569463	1.090390327	1.094779088	1.100094964	1.105934988
12	43.00403122	1.057789529	1.064567651	1.071013876	1.077900132	1.084142652	1.090690623	1.097239433	1.104188181	1.112277727
13	58.8348882	1.045069438	1.0544635	1.063466524	1.072695193	1.081911341	1.090510229	1.099564094	1.109272951	1.11971134
14	80.49347866	1.027585847	1.039802408	1.05284451	1.065015735	1.077951017	1.090169512	1.102500356	1.115550951	1.129591869
15	110.1251367	1.003082953	1.020195756	1.038144568	1.054789036	1.072177024	1.089626598	1.107062565	1.124604593	1.143374106
16	150.6649475	0.969738452	0.993400187	1.018016208	1.041218006	1.064828671	1.08896776	1.113218577	1.136574839	1.162017001
										
f(s)=s^(τ-2)*(P≥s)		g(s)=s^σ			p	d(f(2^16)-f(2^15)/d(g(2^16)-g(2^15))				
					0.05351	-0.000822513				
					0.05352	-0.024504312				
					0.05353	-0.000496508				
					0.05354	-0.000334758				
					0.05355	-0.000181263				
					0.05356	-1.62516E-05				
					0.05357	0.000151851				
					0.05358	0.000295271				
					0.05359	0.000459866				
										
FCC-25										
	s^σ	s^(τ-2)*(P≥s)								
log_2^(s)		0.05738	0.05739	0.0574	0.05741	0.05742	0.05743	0.05744	0.05745	0.05746
0	1	1	1	1	1	1	1	1	1	1
1	1.368124953	0.94640664	0.946543653	0.946496797	0.946596433	0.946577529	0.946733466	0.946734007	0.946855422	0.946822155
2	1.871765887	0.943055896	0.943207342	0.943237111	0.943396524	0.943583602	0.94363713	0.943790371	0.943796878	0.943776421
3	2.560809617	0.952525508	0.952927209	0.952890094	0.953114525	0.953568511	0.953462725	0.953846867	0.954175463	0.953995774
4	3.503507537	0.967241509	0.967696784	0.967805429	0.968106849	0.968588147	0.968630645	0.969201755	0.969702532	0.969517952
5	4.793236085	0.980276589	0.980874737	0.981083584	0.981446568	0.982029663	0.982308904	0.983015815	0.983767263	0.983685572
6	6.557745895	0.989368441	0.990318414	0.990575757	0.991215665	0.991935525	0.992627105	0.993632108	0.994607259	0.994669107
7	8.971815795	0.99457588	0.996221453	0.996794291	0.997597258	0.998799693	0.99979588	1.001041331	1.002570008	1.002678569
8	12.27456506	0.996939095	0.999241361	1.000334019	1.001279121	1.003174362	1.004436844	1.006013705	1.008260034	1.008831309
9	16.79313875	0.996597061	0.9997297	1.001344102	1.002906458	1.005511765	1.007329188	1.009429331	1.012209252	1.0137325
10	22.97511217	0.993657762	0.997873491	1.000642124	1.002863408	1.006357207	1.009131013	1.011905215	1.015620728	1.018007727
11	31.43282426	0.988374801	0.993902134	0.997866416	1.001107348	1.006060446	1.009458045	1.013913949	1.018817458	1.0222129
12	43.00403122	0.980410844	0.987817342	0.993117001	0.997908302	1.004175103	1.009186523	1.015876663	1.022260845	1.027255581
13	58.8348882	0.968479522	0.978462013	0.985838971	0.992943062	1.00133853	1.008546587	1.017897692	1.025586379	1.03331665
14	80.49347866	0.951797632	0.964783472	0.97565373	0.985772719	0.997067071	1.00768796	1.019393172	1.030092437	1.040915854
15	110.1251367	0.929257335	0.946001362	0.961205661	0.975391515	0.990873379	1.006008137	1.021707098	1.036837449	1.051557111
16	150.6649475	0.898184613	0.920566049	0.941443341	0.961221543	0.982634849	1.003333672	1.024547817	1.0456567	1.066106327
										
f(s)=s^(τ-2)*(P≥s)		g(s)=s^σ			p	d(f(2^16)-f(2^15)/d(g(2^16)-g(2^15))				
					0.05738	-0.000766474				
					0.05739	-0.022707705				
					0.0574	-0.000487479				
					0.05741	-0.000349532				
					0.05742	-0.000203221				
					0.05743	-6.59713E-05				
					0.05744	7.00724E-05				
					0.05745	0.000217545				
					0.05746	0.000358887				
										
FCC-35										
	s^σ	s^(τ-2)*(P≥s)								
log_2^(s)		0.04178	0.04179	0.0418	0.04181	0.04182	0.04183	0.04184	0.04185	0.04186
0	1	1	1	1	1	1	1	1	1	1
1	1.368124953	0.993042006	0.993086011	0.99313216	0.993335456	0.993525109	0.993407607	0.993334139	0.993620938	0.993571914
2	1.871765887	1.02750533	1.027315631	1.027755042	1.027822818	1.027965569	1.027960622	1.028119681	1.028532092	1.028515362
3	2.560809617	1.062250692	1.062161736	1.06264748	1.062986864	1.063032135	1.063239632	1.063673551	1.064239956	1.064243616
4	3.503507537	1.086399979	1.086559947	1.087103827	1.087709477	1.087825148	1.088124622	1.08881219	1.089717683	1.089660213
5	4.793236085	1.10178507	1.102188158	1.103096055	1.103906047	1.104225074	1.105384346	1.105973419	1.106981591	1.107242889
6	6.557745895	1.110894322	1.111715679	1.113710921	1.114424957	1.114954181	1.116347214	1.116995925	1.118447303	1.119758955
7	8.971815795	1.116086033	1.116817876	1.119656269	1.120734677	1.121694864	1.123520352	1.124344863	1.126659264	1.128187304
8	12.27456506	1.117119694	1.118776468	1.121840476	1.123981861	1.1255661	1.127905755	1.12923243	1.132423401	1.134960505
9	16.79313875	1.115071964	1.118020948	1.122315313	1.124974856	1.127630314	1.13072043	1.132924914	1.137088452	1.140719998
10	22.97511217	1.110295618	1.11451892	1.120310518	1.124270915	1.127854374	1.133017527	1.135974321	1.141445907	1.146732303
11	31.43282426	1.102748757	1.109125562	1.116807154	1.122839811	1.127593788	1.134764611	1.139721527	1.146684791	1.153557636
12	43.00403122	1.092021063	1.100634664	1.110684796	1.11946757	1.126502632	1.136218114	1.143534786	1.153274733	1.162041223
13	58.8348882	1.077147011	1.088978889	1.101802996	1.114609876	1.125036902	1.137368934	1.147500888	1.161739613	1.173679472
14	80.49347866	1.056260172	1.072879669	1.089440771	1.106465632	1.122283112	1.139333136	1.153968204	1.172866286	1.189092108
15	110.1251367	1.028203274	1.050197827	1.073314241	1.096044197	1.118852215	1.141666517	1.163132115	1.187520382	1.210397342
16	150.6649475	0.990002641	1.019883975	1.051178513	1.082616056	1.11363745	1.145304952	1.175457594	1.208504752	1.240021041
										
f(s)=s^(τ-2)*(P≥s)		g(s)=s^σ			p	d(f(2^16)-f(2^15)/d(g(2^16)-g(2^15))				
					0.04178	-0.000942299				
					0.04179	-0.025157591				
					0.0418	-0.000546024				
					0.04181	-0.000331233				
					0.04182	-0.000128633				
					0.04183	8.97497E-05				
					0.04184	0.000304034				
					0.04185	0.000517624				
					0.04186	0.000730731				
										
FCC-45										
	s^σ	s^(τ-2)*(P≥s)								
log_2^(s)		0.04848	0.04849	0.0485	0.04851	0.04852	0.04853	0.04854	0.04855	0.04856
0	1	1	1	1	1	1	1	1	1	1
1	1.368124953	0.949385167	0.949307695	0.949516577	0.949732328	0.949661394	0.949892377	0.949918374	0.950272974	0.950155953
2	1.871765887	0.951057142	0.951044434	0.951294651	0.951266467	0.951545199	0.951923686	0.951822421	0.952218894	0.952130336
3	2.560809617	0.97175589	0.971837181	0.971986921	0.972012106	0.972565232	0.972951309	0.973285294	0.97350262	0.973459345
4	3.503507537	0.992842376	0.993472942	0.99355151	0.993598088	0.994375276	0.994857686	0.995058906	0.995685159	0.995593143
5	4.793236085	1.008144078	1.009257933	1.009396289	1.009668909	1.010861457	1.011334634	1.011649524	1.012694513	1.012716693
6	6.557745895	1.018194749	1.019981389	1.0203562	1.020776116	1.022122982	1.023093039	1.023467562	1.024792846	1.025231241
7	8.971815795	1.024064971	1.02613642	1.027534326	1.027926151	1.029860837	1.031264632	1.031975233	1.033571261	1.03444708
8	12.27456506	1.027168584	1.029354624	1.031040791	1.032963554	1.035133329	1.03701581	1.037755134	1.040537553	1.041795608
9	16.79313875	1.027452645	1.030603884	1.033075033	1.035432474	1.038300294	1.041059702	1.042283198	1.046056595	1.04823418
10	22.97511217	1.025695278	1.029474101	1.033020522	1.036552273	1.040453368	1.044040678	1.046520801	1.051463549	1.054513129
11	31.43282426	1.021449238	1.026749302	1.03126665	1.036910598	1.041628775	1.04699653	1.050854345	1.056976759	1.061584331
12	43.00403122	1.014627569	1.021729547	1.028231293	1.036003946	1.042766638	1.050102326	1.055783181	1.063915118	1.070570681
13	58.8348882	1.004627165	1.014535647	1.024021694	1.033879546	1.043520682	1.054025923	1.061925374	1.07253998	1.081745015
14	80.49347866	0.99062984	1.004416249	1.017151175	1.031145824	1.044603238	1.058613837	1.070076239	1.084957615	1.097131965
15	110.1251367	0.971503052	0.990101967	1.00831011	1.027691524	1.046096631	1.064667451	1.081136572	1.101244055	1.118400661
16	150.6649475	0.94609361	0.971696771	0.996288439	1.022470326	1.047982444	1.074226104	1.097026392	1.124283824	1.147636219
										
f(s)=s^(τ-2)*(P≥s)		g(s)=s^σ			p	d(f(2^16)-f(2^15)/d(g(2^16)-g(2^15))				
					0.04848	-0.000626778				
					0.04849	-0.023968952				
					0.0485	-0.00029654				
					0.04851	-0.000128792				
					0.04852	4.65175E-05				
					0.04853	0.000235784				
					0.04854	0.000391956				
					0.04855	0.000568325				
					0.04856	0.000721157				
										
FCC-125										
	s^σ	s^(τ-2)*(P≥s)								
log_2^(s)		0.05046	0.05047	0.05048	0.05049	0.0505	0.05051	0.05052	0.05053	0.05054
0	1	1	1	1	1	1	1	1	1	1
1	1.368124953	1.010466731	1.010419593	1.01054799	1.010495344	1.010875773	1.010668139	1.010734781	1.010874461	1.010726248
2	1.871765887	1.031640708	1.031716683	1.031972186	1.032147642	1.032564313	1.032535452	1.032453923	1.032909864	1.032660792
3	2.560809617	1.056233105	1.056535379	1.056917956	1.057001772	1.057713879	1.057681789	1.057860777	1.058197594	1.05803941
4	3.503507537	1.076606514	1.077008434	1.077410779	1.078122808	1.078854892	1.078719611	1.079317798	1.07961499	1.079460341
5	4.793236085	1.090786305	1.091358782	1.091972495	1.09315551	1.093840765	1.094050801	1.095021227	1.095361621	1.095152689
6	6.557745895	1.099902816	1.100453087	1.101369109	1.103207508	1.104013633	1.104322869	1.105935582	1.106801885	1.106820924
7	8.971815795	1.104754042	1.10562365	1.107312069	1.109202496	1.110516586	1.111426252	1.113236184	1.114778345	1.115019316
8	12.27456506	1.106188762	1.108066613	1.109629028	1.112528455	1.114667311	1.115773279	1.118035006	1.120212717	1.121113447
9	16.79313875	1.105315239	1.107738474	1.11024036	1.113824952	1.11685196	1.118309488	1.121768712	1.124746791	1.126125504
10	22.97511217	1.1018239	1.104990988	1.108845496	1.113589028	1.117633264	1.12021256	1.124351235	1.12868966	1.131146443
11	31.43282426	1.095472354	1.100410233	1.105849911	1.111637034	1.117775086	1.12161669	1.127047215	1.132490415	1.136593599
12	43.00403122	1.086647057	1.093005054	1.100690209	1.108574481	1.116406068	1.122490131	1.130115682	1.137610123	1.143432124
13	58.8348882	1.073593625	1.082571379	1.093187144	1.103665915	1.114751944	1.123098866	1.133427517	1.143862583	1.152701619
14	80.49347866	1.055495952	1.068155281	1.081959096	1.097161625	1.111272356	1.123524906	1.137740141	1.151463756	1.165117065
15	110.1251367	1.030442585	1.048267841	1.067376721	1.087603823	1.106968678	1.124484883	1.143923727	1.162639148	1.181664927
16	150.6649475	0.996961049	1.020882114	1.047944231	1.074497403	1.101531043	1.125827477	1.152153024	1.178646	1.203558882
										
f(s)=s^(τ-2)*(P≥s)		g(s)=s^σ			p	d(f(2^16)-f(2^15)/d(g(2^16)-g(2^15))				
					0.05046	-0.000825893				
					0.05047	-0.025182212				
					0.05048	-0.000479343				
					0.05049	-0.000323298				
					0.0505	-0.000134131				
					0.05051	3.31179E-05				
					0.05052	0.000202993				
					0.05053	0.000394843				
					0.05054	0.000540061				
										
FCC-135										
	s^σ	s^(τ-2)*(P≥s)								
log_2^(s)		0.03951	0.03952	0.03953	0.03954	0.03955	0.03956	0.03957	0.03958	0.03959
0	1	1	1	1	1	1	1	1	1	1
1	1.368124953	1.038638162	1.038413732	1.038448468	1.038575949	1.038765675	1.038809701	1.038841774	1.03913364	1.038911795
2	1.871765887	1.084254313	1.084273624	1.084550244	1.084395238	1.084676694	1.08507016	1.085113712	1.08542647	1.085286416
3	2.560809617	1.11746421	1.117666788	1.118164018	1.117682651	1.118426795	1.118723885	1.118970007	1.119566546	1.119516876
4	3.503507537	1.14041656	1.140289541	1.14154099	1.141038065	1.142030064	1.142145954	1.143220273	1.14376143	1.143909936
5	4.793236085	1.155209724	1.15561739	1.156915651	1.156589658	1.15781748	1.158215462	1.159767027	1.160640583	1.160986158
6	6.557745895	1.164085112	1.16464923	1.16675938	1.166617447	1.168165377	1.16931335	1.170736277	1.172477746	1.172911324
7	8.971815795	1.1689654	1.169790573	1.172459585	1.172333688	1.17486207	1.176294885	1.178485153	1.180809799	1.181666074
8	12.27456506	1.170660372	1.171737755	1.175448503	1.176148047	1.178776314	1.181664931	1.184306037	1.187554561	1.189199683
9	16.79313875	1.169873684	1.171487833	1.176451494	1.178300991	1.181642937	1.185792043	1.189340184	1.193740336	1.196731288
10	22.97511217	1.166520695	1.169624932	1.176108624	1.179505957	1.18402167	1.190117326	1.19499792	1.200657855	1.204842521
11	31.43282426	1.160815434	1.166364973	1.17425241	1.180601146	1.186588434	1.194725652	1.201576317	1.208485663	1.215233775
12	43.00403122	1.153234184	1.161516115	1.171448958	1.181324908	1.189076862	1.200015807	1.209734784	1.219879013	1.228715476
13	58.8348882	1.142524612	1.153785808	1.168114215	1.181798677	1.193069825	1.207040537	1.220940976	1.235000416	1.247090621
14	80.49347866	1.127259789	1.143858784	1.163740216	1.181899025	1.197793984	1.217022328	1.235668213	1.254906919	1.271667274
15	110.1251367	1.106002071	1.129631863	1.155797485	1.18147011	1.204313115	1.230324335	1.255696134	1.281523719	1.305360664
16	150.6649475	1.078255786	1.111084017	1.146088267	1.181321736	1.213182768	1.249124528	1.282736945	1.318406274	1.351657501
										
f(s)=s^(τ-2)*(P≥s)		g(s)=s^σ			p	d(f(2^16)-f(2^15)/d(g(2^16)-g(2^15))				
					0.03951	-0.000684421				
					0.03952	-0.027407232				
					0.03953	-0.000239498				
					0.03954	-3.65997E-06				
					0.03955	0.000218789				
					0.03956	0.000463746				
					0.03957	0.000667019				
					0.03958	0.000909786				
					0.03959	0.001142009				
										
FCC-145										
	s^σ	s^(τ-2)*(P≥s)								
log_2^(s)		0.04366	0.04367	0.04368	0.04369	0.0437	0.04371	0.04372	0.04373	0.04374
0	1	1	1	1	1	1	1	1	1	1
1	1.368124953	1.006210779	1.006362139	1.006382409	1.006427351	1.006576375	1.006472283	1.006621484	1.006774227	1.006635155
2	1.871765887	1.038562195	1.038637767	1.03903475	1.039127476	1.039599313	1.038853305	1.039489344	1.039798084	1.03954347
3	2.560809617	1.068986634	1.069028539	1.069675714	1.069744281	1.070409245	1.069585994	1.070431365	1.070664721	1.070802675
4	3.503507537	1.091285853	1.091245718	1.092537759	1.092436742	1.093222134	1.092645292	1.093512978	1.094053835	1.094392853
5	4.793236085	1.106334032	1.106531463	1.107841669	1.108081264	1.109225068	1.108703271	1.110244402	1.110915826	1.111459528
6	6.557745895	1.115320405	1.115922817	1.117831309	1.118304418	1.119606879	1.119572273	1.121306646	1.122245165	1.12319838
7	8.971815795	1.119955434	1.121402398	1.123389491	1.124688112	1.126289535	1.126556697	1.129102695	1.130297581	1.132098269
8	12.27456506	1.121694768	1.123905354	1.126350388	1.127889988	1.130426292	1.13109869	1.13450192	1.136391592	1.138586099
9	16.79313875	1.120254789	1.123599508	1.127195262	1.129597781	1.132728525	1.13447043	1.138422526	1.141614979	1.144774766
10	22.97511217	1.116402146	1.121431707	1.126073843	1.130483969	1.134228572	1.136706672	1.142293587	1.146353441	1.151307864
11	31.43282426	1.110321322	1.116462863	1.123139471	1.129535333	1.135119043	1.138773054	1.146432722	1.152119475	1.158478519
12	43.00403122	1.100936109	1.109422314	1.118347159	1.127695881	1.134870946	1.141521845	1.151343694	1.159429509	1.167541702
13	58.8348882	1.088456325	1.099559882	1.111960254	1.124087779	1.135282835	1.144367427	1.157314034	1.169340423	1.180600515
14	80.49347866	1.070502144	1.085802031	1.103019462	1.119087622	1.135135898	1.148868036	1.165792011	1.181903117	1.198217497
15	110.1251367	1.046056515	1.066980653	1.090158911	1.111722986	1.134625477	1.154253919	1.177511984	1.199968614	1.222388157
16	150.6649475	1.012291932	1.041518913	1.073041226	1.103429644	1.133069501	1.161502584	1.193150475	1.224026086	1.254234115
										
f(s)=s^(τ-2)*(P≥s)		g(s)=s^σ			p	d(f(2^16)-f(2^15)/d(g(2^16)-g(2^15))				
					0.04366	-0.000832875				
					0.04367	-0.025691262				
					0.04368	-0.000422244				
					0.04369	-0.000204573				
					0.0437	-3.83814E-05				
					0.04371	0.000178804				
					0.04372	0.000385756				
					0.04373	0.000593428				
					0.04374	0.000785548				
										
FCC-235										
	s^σ	s^(τ-2)*(P≥s)								
log_2^(s)		0.03976	0.03977	0.03978	0.03979	0.0398	0.03981	0.03982	0.03983	0.03984
0	1	1	1	1	1	1	1	1	1	1
1	1.368124953	1.01258048	1.012629945	1.012583907	1.012658905	1.01259368	1.013022032	1.012880368	1.013183577	1.012919794
2	1.871765887	1.056986921	1.057333999	1.057230308	1.05718419	1.057529556	1.05783162	1.057982693	1.05833432	1.058074011
3	2.560809617	1.092196558	1.09275361	1.09278941	1.093058906	1.093472767	1.094024327	1.094188459	1.094867233	1.094507016
4	3.503507537	1.115691438	1.116427189	1.116528127	1.117022036	1.117755258	1.118332379	1.119098426	1.119840137	1.11940712
5	4.793236085	1.130840616	1.131848616	1.132344014	1.132762437	1.134094682	1.134855048	1.135675332	1.136391472	1.136523735
6	6.557745895	1.13930384	1.140758329	1.141663117	1.142654698	1.144116074	1.145590473	1.146790062	1.147627283	1.148415623
7	8.971815795	1.143123816	1.14539728	1.146800786	1.148518504	1.150387467	1.15223886	1.154092124	1.154863857	1.156991082
8	12.27456506	1.14341078	1.146381774	1.148905764	1.151640811	1.153824619	1.156176896	1.159077719	1.160716692	1.163036881
9	16.79313875	1.140811895	1.144801602	1.148787736	1.152191428	1.15578112	1.159419941	1.163061966	1.165990024	1.168540831
10	22.97511217	1.135745219	1.141229533	1.14597649	1.150859964	1.156114896	1.161348754	1.166148152	1.170492219	1.174409752
11	31.43282426	1.127517919	1.135623687	1.141674723	1.148201671	1.155828694	1.16319158	1.169281732	1.175757385	1.181585206
12	43.00403122	1.116312416	1.126748386	1.135314339	1.144457489	1.154613952	1.164500746	1.172818403	1.182486574	1.190737492
13	58.8348882	1.099604861	1.113758718	1.126092579	1.139127522	1.152691848	1.165831682	1.177639756	1.191405756	1.202967581
14	80.49347866	1.077084007	1.096405903	1.113573713	1.131153042	1.149923552	1.167925996	1.184822967	1.202968601	1.21966587
15	110.1251367	1.04667834	1.072388604	1.095892772	1.120414442	1.145117439	1.170025652	1.194055747	1.219150393	1.242572624
16	150.6649475	1.005709189	1.039542075	1.071989654	1.105863363	1.13942276	1.173387415	1.207113196	1.241170538	1.273861788
										
f(s)=s^(τ-2)*(P≥s)		g(s)=s^σ			p	d(f(2^16)-f(2^15)/d(g(2^16)-g(2^15))				
					0.03976	-0.001010591				
					0.03977	-0.025642499				
					0.03978	-0.000589621				
					0.03979	-0.000358933				
					0.0398	-0.000140471				
					0.03981	8.2925E-05				
					0.03982	0.00032209				
					0.03983	0.000543173				
					0.03984	0.000771813				
										
FCC-245										
	s^σ	s^(τ-2)*(P≥s)								
log_2^(s)		0.04516	0.04517	0.04518	0.04519	0.0452	0.04521	0.04522	0.04523	0.04524
0	1	1	1	1	1	1	1	1	1	1
1	1.368124953	0.976439981	0.976386314	0.976603957	0.976571998	0.976593226	0.976661715	0.976549521	0.976743783	0.976871304
2	1.871765887	0.991560686	0.991849875	0.992194377	0.992290764	0.992648145	0.992286463	0.99274631	0.992939636	0.992866748
3	2.560809617	1.017461497	1.017948298	1.018523207	1.018640976	1.019550232	1.018611869	1.019557829	1.019921373	1.019730887
4	3.503507537	1.039660702	1.039980673	1.041078408	1.040996894	1.042366046	1.041332351	1.042672349	1.042965964	1.042978154
5	4.793236085	1.05456416	1.055231233	1.05658584	1.057191911	1.058441668	1.057894462	1.059541656	1.059975448	1.060029466
6	6.557745895	1.063843508	1.065083356	1.066351488	1.067635977	1.069372572	1.069384254	1.071061562	1.071678175	1.07232484
7	8.971815795	1.069378711	1.070949388	1.072958963	1.074612444	1.076062192	1.076797757	1.079534885	1.080693775	1.080867531
8	12.27456506	1.071491053	1.073824757	1.076619341	1.078434479	1.080669926	1.082006153	1.085245155	1.087250279	1.088051308
9	16.79313875	1.070758289	1.074429239	1.077528543	1.080465699	1.08369018	1.085815072	1.089322544	1.092495317	1.094109241
10	22.97511217	1.06746065	1.072749915	1.07728768	1.080627523	1.08485227	1.08841402	1.093295627	1.097809905	1.100028077
11	31.43282426	1.062252765	1.068978465	1.075071756	1.079481424	1.085693114	1.091424668	1.097407916	1.103609025	1.107021757
12	43.00403122	1.053971441	1.061929968	1.07117791	1.077395926	1.086198004	1.093504804	1.101701965	1.10986227	1.115655263
13	58.8348882	1.042123429	1.052695351	1.064396005	1.07448654	1.086628188	1.096562644	1.106861726	1.118425628	1.127401204
14	80.49347866	1.025410474	1.039456075	1.055973861	1.070098313	1.085924174	1.100808911	1.114632519	1.13019817	1.143867209
15	110.1251367	1.001728859	1.022560309	1.043983694	1.063674258	1.085726009	1.105759814	1.124869533	1.145532299	1.164968211
16	150.6649475	0.970584443	0.999083183	1.028141461	1.054903726	1.084929612	1.112737433	1.140030654	1.167775692	1.194932376
										
f(s)=s^(τ-2)*(P≥s)		g(s)=s^σ			p	d(f(2^16)-f(2^15)/d(g(2^16)-g(2^15))				
					0.04516	-0.000768243				
					0.04517	-0.024644495				
					0.04518	-0.000390782				
					0.04519	-0.000216344				
					0.0452	-1.96448E-05				
					0.04521	0.000172118				
					0.04522	0.000373981				
					0.04523	0.00054868				
					0.04524	0.000739129				
										
FCC-345										
	s^σ	s^(τ-2)*(P≥s)								
log_2^(s)		0.03651	0.03652	0.03653	0.03654	0.03655	0.03656	0.03657	0.03658	0.03659
0	1	1	1	1	1	1	1	1	1	1
1	1.368124953	1.017529361	1.017519603	1.017558916	1.018056616	1.017660195	1.017873056	1.018281852	1.018127083	1.018029447
2	1.871765887	1.06032916	1.060593161	1.06081126	1.061054781	1.061132354	1.061255171	1.061816803	1.061733403	1.061802214
3	2.560809617	1.095749962	1.096252819	1.096601577	1.096991167	1.097234233	1.09728986	1.098221056	1.098103935	1.098654355
4	3.503507537	1.119393447	1.119606046	1.120272219	1.120595334	1.12138071	1.121649749	1.122903905	1.122999851	1.12373397
5	4.793236085	1.134169419	1.135196017	1.13564846	1.135941612	1.137679793	1.137970153	1.13948421	1.13976428	1.141268441
6	6.557745895	1.142805221	1.144581042	1.144658495	1.146073333	1.147926871	1.148765253	1.150745494	1.150923194	1.153458032
7	8.971815795	1.147770525	1.149284984	1.150251411	1.151817171	1.155108558	1.155709179	1.159252356	1.159397791	1.162691858
8	12.27456506	1.148765735	1.150992918	1.153522861	1.155468329	1.159509169	1.160562351	1.165145151	1.166132473	1.169834223
9	16.79313875	1.147382314	1.150924564	1.154042771	1.157334046	1.162757127	1.164596863	1.170366039	1.172292885	1.177371045
10	22.97511217	1.143730122	1.148900832	1.15343779	1.158485696	1.164783238	1.168381127	1.175686327	1.17835776	1.185906569
11	31.43282426	1.137805746	1.145058116	1.151577024	1.158247433	1.167115412	1.173217495	1.1825416	1.185972566	1.196639097
12	43.00403122	1.129064986	1.138916038	1.148951791	1.157876191	1.170248638	1.17895589	1.190604856	1.197071016	1.210231323
13	58.8348882	1.116395448	1.130285698	1.144182921	1.15668121	1.173607504	1.18613163	1.20075392	1.212104285	1.229259736
14	80.49347866	1.098726159	1.118264742	1.137637699	1.156206361	1.178000027	1.19564798	1.214972318	1.232610818	1.254869516
15	110.1251367	1.076172407	1.102094645	1.12822094	1.155559593	1.183587697	1.208974448	1.235669751	1.260612341	1.290161977
16	150.6649475	1.044519895	1.080529056	1.115939388	1.153503518	1.191898956	1.227495911	1.263591399	1.298757334	1.338039629
										
f(s)=s^(τ-2)*(P≥s)		g(s)=s^σ			p	d(f(2^16)-f(2^15)/d(g(2^16)-g(2^15))				
					0.03651	-0.000780776				
					0.03652	-0.02665353				
					0.03653	-0.00030295				
					0.03654	-5.07174E-05				
					0.03655	0.000205015				
					0.03656	0.000456871				
					0.03657	0.000688746				
					0.03658	0.000940927				
					0.03659	0.001181003				
										
FCC-1235										
	s^σ	s^(τ-2)*(P≥s)								
log_2^(s)		0.03818	0.03819	0.0382	0.03821	0.03822	0.03823	0.03824	0.03825	0.03826
0	1	1	1	1	1	1	1	1	1	1
1	1.368124953	1.052814437	1.052811814	1.05273105	1.05284666	1.052781233	1.052733497	1.052864137	1.052899204	1.052783029
2	1.871765887	1.097635469	1.097726439	1.097776015	1.097994048	1.098030454	1.097764444	1.098248963	1.098520614	1.098204407
3	2.560809617	1.130643778	1.130786886	1.130767831	1.131409701	1.131602707	1.13115382	1.132118637	1.132052609	1.131911977
4	3.503507537	1.152521489	1.153358895	1.152874001	1.153961997	1.154277038	1.154092197	1.15563466	1.155670251	1.155564113
5	4.793236085	1.166416882	1.167675001	1.167700185	1.168558183	1.16893356	1.169384822	1.171040914	1.171292752	1.171123018
6	6.557745895	1.174140068	1.175839588	1.176229564	1.177616902	1.178302797	1.179400498	1.180999607	1.18195235	1.182351311
7	8.971815795	1.177132067	1.179958878	1.18094895	1.182598931	1.183965027	1.185757187	1.188114682	1.189412958	1.190381634
8	12.27456506	1.176933017	1.180711501	1.182353238	1.185272854	1.186868555	1.190183542	1.192881916	1.194961036	1.196249966
9	16.79313875	1.174275706	1.178876569	1.181186296	1.185211594	1.188152849	1.19307762	1.196813698	1.200063007	1.202191717
10	22.97511217	1.168342153	1.174990502	1.178726006	1.184115149	1.188853859	1.194772583	1.200418742	1.204684246	1.208459441
11	31.43282426	1.159583734	1.168089005	1.17471542	1.181795488	1.188232488	1.196300527	1.204634102	1.210222657	1.216615917
12	43.00403122	1.147853411	1.158880336	1.168124565	1.177936522	1.187741723	1.198584313	1.208782531	1.217596228	1.226059864
13	58.8348882	1.131077212	1.145975443	1.158888477	1.172921246	1.186969188	1.200299033	1.214964831	1.22752183	1.23958396
14	80.49347866	1.108141647	1.12851577	1.147168224	1.165634314	1.184373196	1.203522824	1.222856908	1.241182349	1.258083481
15	110.1251367	1.077631298	1.104489558	1.129535181	1.154726368	1.180496719	1.207920576	1.234076959	1.258587246	1.283207938
16	150.6649475	1.034823369	1.072090856	1.106639637	1.141073234	1.176651838	1.213914964	1.249043708	1.283910644	1.317756981
										
f(s)=s^(τ-2)*(P≥s)		g(s)=s^σ			p	d(f(2^16)-f(2^15)/d(g(2^16)-g(2^15))				
					0.03818	-0.001055948				
					0.03819	-0.026445384				
					0.0382	-0.000564767				
					0.03821	-0.000336783				
					0.03822	-9.48421E-05				
					0.03823	0.000147864				
					0.03824	0.000369186				
					0.03825	0.000624655				
					0.03826	0.000852225				
										
FCC-1245										
	s^σ	s^(τ-2)*(P≥s)								
log_2^(s)		0.04168	0.04169	0.0417	0.04171	0.04172	0.04173	0.04174	0.04175	0.04176
0	1	1	1	1	1	1	1	1	1	1
1	1.368124953	1.02573653	1.025569885	1.025657545	1.025927869	1.025905045	1.025855852	1.026066637	1.026187338	1.026125732
2	1.871765887	1.06131033	1.061051963	1.061335178	1.061883296	1.061521124	1.061715629	1.062114394	1.062316955	1.062044326
3	2.560809617	1.091775681	1.091687827	1.092119489	1.092751663	1.092679673	1.092967366	1.093600909	1.093844808	1.093590296
4	3.503507537	1.113903797	1.11410991	1.114629307	1.115344005	1.115536879	1.116032745	1.116647709	1.116945772	1.117137102
5	4.793236085	1.128221708	1.128660951	1.129324865	1.130608382	1.131096794	1.131883141	1.132558963	1.133110234	1.133501934
6	6.557745895	1.136600699	1.137489855	1.138731874	1.14005016	1.141143233	1.142060155	1.143407654	1.143964278	1.145048066
7	8.971815795	1.140394519	1.142291963	1.143980516	1.145657734	1.147236104	1.148611774	1.150442252	1.151920113	1.153353402
8	12.27456506	1.141223767	1.143609587	1.145931653	1.148452177	1.150943566	1.15285437	1.155523405	1.157587754	1.160112048
9	16.79313875	1.139198315	1.14303868	1.146142745	1.149751521	1.152988725	1.155254726	1.159710926	1.162270497	1.165910292
10	22.97511217	1.134001006	1.139419287	1.144453373	1.149109044	1.153520003	1.157606603	1.162719321	1.166817539	1.172224705
11	31.43282426	1.126967392	1.13352333	1.140656039	1.146934914	1.153354568	1.159295743	1.166374919	1.172384216	1.17954841
12	43.00403122	1.116018518	1.125340787	1.134829356	1.143722573	1.153063716	1.160397201	1.170905484	1.178507868	1.18859628
13	58.8348882	1.101004691	1.11390632	1.126683508	1.138532689	1.152006555	1.16323577	1.176742186	1.187796147	1.20070975
14	80.49347866	1.080842406	1.098060886	1.114967599	1.131541794	1.15025376	1.165991724	1.184028154	1.199189926	1.217136312
15	110.1251367	1.052107939	1.075643772	1.098401812	1.122175543	1.146873733	1.168829558	1.194165393	1.214667323	1.239539684
16	150.6649475	1.013246616	1.045071616	1.077124133	1.109642157	1.143164762	1.17307576	1.207803326	1.237855808	1.270565979
										
f(s)=s^(τ-2)*(P≥s)		g(s)=s^σ			p	d(f(2^16)-f(2^15)/d(g(2^16)-g(2^15))				
					0.04168	-0.000958597				
					0.04169	-0.025778897				
					0.0417	-0.000524859				
					0.04171	-0.000309162				
					0.04172	-9.14896E-05				
					0.04173	0.000104742				
					0.04174	0.000336408				
					0.04175	0.000571993				
					0.04176	0.000765329				
										
FCC-1345										
	s^σ	s^(τ-2)*(P≥s)								
log_2^(s)		0.03519	0.0352	0.03521	0.03522	0.03523	0.03524	0.03525	0.03526	0.03527
0	1	1	1	1	1	1	1	1	1	1
1	1.368124953	1.053630049	1.05349179	1.053886508	1.053553057	1.053600854	1.053660261	1.053782529	1.053774812	1.053765375
2	1.871765887	1.099334059	1.09941676	1.099761345	1.099558849	1.099881007	1.100245654	1.099820001	1.100411591	1.100484909
3	2.560809617	1.131817498	1.132190291	1.132709028	1.132440235	1.133329119	1.133923566	1.133499927	1.134576229	1.134201681
4	3.503507537	1.15369463	1.154102679	1.15448595	1.154469205	1.155600861	1.156537922	1.156700134	1.157631811	1.157634563
5	4.793236085	1.166905569	1.167676247	1.168546781	1.168827861	1.169973286	1.171553828	1.171426133	1.173207437	1.173547016
6	6.557745895	1.173980278	1.175502185	1.177180763	1.177971297	1.179408921	1.181431962	1.181334422	1.184152941	1.184478732
7	8.971815795	1.177587649	1.179126542	1.181438678	1.182804539	1.185696648	1.187677284	1.188320757	1.191460236	1.192776232
8	12.27456506	1.177114137	1.180142168	1.182894918	1.185369413	1.189228679	1.191898325	1.193553277	1.197298293	1.199167988
9	16.79313875	1.174866871	1.178665671	1.182440539	1.18638259	1.192324111	1.195111515	1.197176439	1.201931133	1.205579873
10	22.97511217	1.168981656	1.174642455	1.181094604	1.185387601	1.193181847	1.198288442	1.201688403	1.208320779	1.213646444
11	31.43282426	1.160850059	1.168508402	1.177066986	1.183784666	1.193926267	1.201120298	1.206648807	1.215427373	1.223222011
12	43.00403122	1.149285221	1.159509164	1.170728652	1.180986413	1.194266136	1.203990684	1.213604418	1.224719325	1.234744153
13	58.8348882	1.132753399	1.147972517	1.162508686	1.177286316	1.194511134	1.209175868	1.222015836	1.236905261	1.252001858
14	80.49347866	1.110190381	1.131843792	1.151976059	1.173230105	1.195311632	1.214351846	1.233912918	1.254898013	1.27556644
15	110.1251367	1.079397298	1.108803218	1.137052307	1.166085077	1.196308609	1.222531221	1.249697836	1.27929601	1.306478993
16	150.6649475	1.038782225	1.078324406	1.117337563	1.156541756	1.19680149	1.233899016	1.27210353	1.312764548	1.350796431
										
f(s)=s^(τ-2)*(P≥s)		g(s)=s^σ			p	d(f(2^16)-f(2^15)/d(g(2^16)-g(2^15))				
					0.03519	-0.001001857				
					0.0352	-0.026599147				
					0.03521	-0.000486306				
					0.03522	-0.000235406				
					0.03523	1.2158E-05				
					0.03524	0.000280411				
					0.03525	0.000552684				
					0.03526	0.000825572				
					0.03527	0.001093183				
										
FCC-2345										
	s^σ	s^(τ-2)*(P≥s)								
log_2^(s)		0.03504	0.03505	0.03506	0.03507	0.03508	0.03509	0.0351	0.03511	0.03512
0	1	1	1	1	1	1	1	1	1	1
1	1.368124953	1.03177067	1.031733459	1.031509993	1.032221932	1.031937229	1.032097509	1.032327706	1.032269522	1.032346105
2	1.871765887	1.083577673	1.083648599	1.083220705	1.084194727	1.084079839	1.084321548	1.084800608	1.084623967	1.084689943
3	2.560809617	1.118983769	1.119409488	1.118713209	1.120004941	1.120285505	1.120667093	1.121209166	1.121067762	1.121284331
4	3.503507537	1.142069268	1.141996898	1.142322067	1.143320985	1.144068858	1.144427324	1.145238399	1.145532645	1.145811546
5	4.793236085	1.156408423	1.156047139	1.156958952	1.158121215	1.159063373	1.160105579	1.161175379	1.162178166	1.162119657
6	6.557745895	1.164193455	1.164418497	1.165722752	1.167644935	1.168263718	1.170087162	1.171692372	1.173244708	1.173812522
7	8.971815795	1.167277222	1.168111795	1.169847902	1.17288952	1.173759414	1.176630727	1.178876335	1.180604273	1.182505475
8	12.27456506	1.166659163	1.168945141	1.172182619	1.175848054	1.176813334	1.18095175	1.184169975	1.186986836	1.189806329
9	16.79313875	1.16464355	1.167657757	1.172177243	1.177068841	1.178439589	1.1846308	1.188640932	1.193046252	1.196817879
10	22.97511217	1.159176969	1.163311318	1.169364976	1.176722007	1.179474669	1.187435581	1.193161399	1.198372028	1.204557282
11	31.43282426	1.150830119	1.157925918	1.165684156	1.175094188	1.180589214	1.190066492	1.198460654	1.20541641	1.214824275
12	43.00403122	1.139310507	1.14880317	1.159400381	1.171783143	1.180319461	1.192553166	1.204935096	1.215243661	1.227400004
13	58.8348882	1.122544316	1.136131779	1.151115458	1.167748574	1.181280769	1.197166968	1.213289544	1.227716767	1.24417062
14	80.49347866	1.101885891	1.119461825	1.140133057	1.16308585	1.181893729	1.203076898	1.225989008	1.245377826	1.267758241
15	110.1251367	1.072259617	1.097759195	1.125859935	1.156483194	1.182303625	1.210797287	1.24106376	1.269764343	1.298550819
16	150.6649475	1.031477414	1.067093632	1.105767569	1.146707292	1.182463581	1.221537012	1.262950335	1.302300357	1.341313474
										
f(s)=s^(τ-2)*(P≥s)		g(s)=s^σ			p	d(f(2^16)-f(2^15)/d(g(2^16)-g(2^15))				
					0.03504	-0.001005979				
					0.03505	-0.026322117				
					0.03506	-0.000495621				
					0.03507	-0.000241143				
					0.03508	3.94566E-06				
					0.03509	0.000264918				
					0.0351	0.000539879				
					0.03511	0.000802569				
					0.03512	0.001054831				
										
FCC-12345										
	s^σ	s^(τ-2)*(P≥s)								
log_2^(s)		0.03411	0.03412	0.03413	0.03414	0.03415	0.03416	0.03417	0.03418	0.03419
0	1	1	1	1	1	1	1	1	1	1
1	1.368124953	1.063798735	1.064199798	1.063878645	1.063825941	1.064240448	1.064382912	1.064431541	1.064200826	1.064540497
2	1.871765887	1.111038549	1.11111027	1.110888642	1.110987263	1.111781681	1.111537095	1.112087744	1.11187219	1.112438517
3	2.560809617	1.143771806	1.144098081	1.143995543	1.144054347	1.145289606	1.144946308	1.145745652	1.145531641	1.146751411
4	3.503507537	1.165204037	1.165606852	1.166072733	1.166053889	1.167551805	1.167341437	1.168353118	1.1684047	1.169748964
5	4.793236085	1.178199908	1.178744486	1.179504951	1.179623978	1.1817451	1.182063282	1.18316662	1.183432487	1.18483081
6	6.557745895	1.184849416	1.185686842	1.186746785	1.188168986	1.190430275	1.190959941	1.192774917	1.192685597	1.195090814
7	8.971815795	1.18715208	1.188527136	1.190156021	1.19263571	1.195613057	1.196229222	1.198960014	1.199029939	1.201662499
8	12.27456506	1.18629407	1.187871715	1.190517509	1.194315792	1.197657007	1.200136116	1.203320354	1.204281229	1.206900284
9	16.79313875	1.182487659	1.184972391	1.188395015	1.193491173	1.198464036	1.202333978	1.206506222	1.208694508	1.212841978
10	22.97511217	1.176363401	1.17988766	1.184960754	1.191541199	1.198069667	1.204531694	1.209820362	1.21347176	1.219524684
11	31.43282426	1.165875544	1.171534889	1.178906683	1.188139496	1.19716786	1.205406447	1.213375753	1.219332968	1.227459174
12	43.00403122	1.151714297	1.160569667	1.170659621	1.182862111	1.195136741	1.207013139	1.217291429	1.227515734	1.237785661
13	58.8348882	1.132309036	1.145086954	1.159701853	1.175590989	1.192097931	1.208731301	1.222682015	1.237711115	1.252661418
14	80.49347866	1.104989585	1.123775302	1.144636278	1.166989281	1.188064609	1.211044961	1.230708393	1.251798236	1.273304845
15	110.1251367	1.068500927	1.094582215	1.12488093	1.155287216	1.183192302	1.214596927	1.241497481	1.270052165	1.301462635
16	150.6649475	1.018903003	1.056267086	1.097028717	1.138217415	1.176062512	1.219018089	1.25695947	1.296925418	1.338755347
										
f(s)=s^(τ-2)*(P≥s)		g(s)=s^σ			p	d(f(2^16)-f(2^15)/d(g(2^16)-g(2^15))				
					0.03411	-0.001223437				
					0.03412	-0.026055057				
					0.03413	-0.000687034				
					0.03414	-0.000421063				
					0.03415	-0.000175871				
					0.03416	0.000109057				
					0.03417	0.000381403				
					0.03418	0.000662886				
					0.03419	0.000919903				
