BCC-1										
	s^σ	s^(τ-2)*(P≥s)								
log_2^(s)		0.2457	0.2458	0.2459	0.246	0.2461	0.2462			
0	1	1	1	1	1	1	1			
1	1.368124953	1.02058919	1.020764331	1.020765644	1.020716805	1.02117936	1.021201597			
2	1.871765887	1.074352305	1.074453209	1.074535356	1.074560391	1.075381269	1.075543607			
3	2.560809617	1.107924388	1.108310258	1.108761265	1.108851399	1.110151522	1.110329758			
4	3.503507537	1.130051309	1.130803065	1.131549771	1.132128659	1.133833726	1.134475733			
5	4.793236085	1.143789871	1.145053282	1.146460588	1.14735159	1.149729895	1.15092708			
6	6.557745895	1.151588977	1.153614425	1.155559973	1.157085995	1.160340359	1.162297439			
7	8.971815795	1.154659094	1.15786221	1.160639939	1.163053723	1.167514838	1.170774195			
8	12.27456506	1.154489127	1.159375248	1.162924657	1.166844256	1.172880626	1.177222109			
9	16.79313875	1.151348022	1.158036343	1.163744077	1.169458229	1.177495677	1.183613156			
10	22.97511217	1.145338965	1.154809876	1.162929117	1.171371423	1.182282287	1.191315322			
11	31.43282426	1.13599811	1.149426372	1.161538521	1.173364601	1.187498249	1.200340391			
12	43.00403122	1.123462356	1.141728134	1.158869323	1.175782162	1.193972474	1.212336552			
13	58.8348882	1.106270933	1.130454254	1.154778737	1.177840534	1.203722443	1.228320465			
14	80.49347866	1.082143156	1.115879087	1.149090558	1.181073183	1.216388972	1.250557503			
15	110.1251367	1.04928261	1.095261476	1.141625893	1.186286916	1.233476873	1.279853817			
16	150.6649475	1.004615834	1.067101838	1.130303936	1.192801186	1.257368356	1.321002175			
										
f(s)=s^(τ-2)*(P≥s)		g(s)=s^σ			p	d(f(2^16)-f(2^15)/d(g(2^16)-g(2^15))				
					0.2457	-0.0011018				
					0.2458	-0.026322319				
					0.2459	-0.00027928				
					0.246	0.000160688				
					0.2461	0.000589334				
					0.2462	0.001015011				
										
BCC-2										
	s^σ	s^(τ-2)*(P≥s)								
log_2^(s)		0.3114	0.3115	0.3116	0.3117	0.3118				
0	1	1	1	1	1	1				
1	1.368124953	1.018533465	1.01867813	1.018427886	1.018722789	1.018829877				
2	1.871765887	1.061204455	1.061665825	1.0615161	1.061842382	1.062354016				
3	2.560809617	1.094359599	1.094937936	1.095223148	1.09552039	1.096356849				
4	3.503507537	1.116534744	1.117434776	1.118145414	1.11838321	1.119589732				
5	4.793236085	1.130586346	1.132000432	1.133012249	1.134099925	1.13537692				
6	6.557745895	1.138956864	1.140693552	1.142497543	1.14403602	1.145715164				
7	8.971815795	1.142915645	1.145671915	1.148013288	1.150637798	1.152837364				
8	12.27456506	1.143888786	1.148004414	1.15114729	1.155122354	1.158437763				
9	16.79313875	1.142624773	1.148281873	1.152714129	1.158261815	1.163039777				
10	22.97511217	1.138786541	1.146944347	1.153632397	1.160691564	1.168094387				
11	31.43282426	1.132777243	1.143755167	1.153939754	1.163990069	1.173789312				
12	43.00403122	1.124610855	1.139342601	1.153824947	1.167695619	1.182039085				
13	58.8348882	1.112772748	1.133596886	1.153053743	1.1730605	1.193006123				
14	80.49347866	1.096631561	1.124643831	1.152164872	1.180043165	1.207583937				
15	110.1251367	1.074672805	1.113303272	1.151297204	1.189033279	1.228055138				
16	150.6649475	1.045032316	1.098072118	1.149398942	1.202274276	1.255128475				
										
f(s)=s^(τ-2)*(P≥s)		g(s)=s^σ			p	d(f(2^16)-f(2^15)/d(g(2^16)-g(2^15))				
					0.3114	-0.000731145				
					0.3115	-0.027086266				
					0.3116	-4.68246E-05				
					0.3117	0.000326617				
					0.3118	0.000667821				
										
BCC-12										
	s^σ	s^(τ-2)*(P≥s)								
log_2^(s)		0.1757	0.1758	0.1759	0.176	0.1761	0.1762			
0	1	1	1	1	1	1	1			
1	1.368124953	1.063760384	1.063963964	1.064085569	1.064151336	1.0643782	1.064445005			
2	1.871765887	1.111435345	1.11187695	1.111956014	1.112395809	1.112842502	1.113098019			
3	2.560809617	1.1433506	1.144115832	1.144326415	1.145216548	1.146069391	1.14657867			
4	3.503507537	1.163150524	1.164533756	1.16528856	1.166544954	1.16802597	1.169003726			
5	4.793236085	1.174416332	1.176408141	1.177875006	1.179718419	1.182134601	1.183725146			
6	6.557745895	1.17940092	1.182546574	1.184957147	1.188110197	1.191388763	1.19416432			
7	8.971815795	1.180251957	1.184829241	1.188350064	1.193285271	1.197902836	1.2023407			
8	12.27456506	1.177842191	1.1840023	1.189635144	1.19669337	1.203023314	1.209218189			
9	16.79313875	1.172394731	1.181320667	1.18979957	1.199159494	1.208469777	1.21691325			
10	22.97511217	1.163804343	1.177191278	1.189016271	1.201894271	1.21465594	1.226816006			
11	31.43282426	1.152159376	1.17045782	1.187475685	1.204726464	1.222661729	1.240375683			
12	43.00403122	1.135882104	1.160493146	1.184578123	1.208679067	1.233307539	1.257741074			
13	58.8348882	1.113009892	1.147455328	1.179994928	1.213417267	1.247469517	1.280991749			
14	80.49347866	1.08264238	1.129067313	1.174467363	1.2206313	1.266835682	1.313370505			
15	110.1251367	1.040866229	1.103705287	1.166692868	1.23038201	1.293452843	1.358444286			
16	150.6649475	0.984234952	1.069717902	1.156423048	1.24429338	1.330737656	1.418937744			
										
f(s)=s^(τ-2)*(P≥s)		g(s)=s^σ			p	d(f(2^16)-f(2^15)/d(g(2^16)-g(2^15))				
					0.1757	-0.00139693				
					0.1758	-0.02638685				
					0.1759	-0.000253327				
					0.176	0.000343153				
					0.1761	0.000919709				
					0.1762	0.001492199				
										
BCC-3										
	s^σ	s^(τ-2)*(P≥s)								
log_2^(s)		0.199	0.1991	0.1992	0.1993	0.1994	0.1995			
0	1	1	1	1	1	1	1			
1	1.368124953	1.060599582	1.060611264	1.060755724	1.061034388	1.061447295	1.060994771			
2	1.871765887	1.10884748	1.108949063	1.109338188	1.109897236	1.110264047	1.110041911			
3	2.560809617	1.140418239	1.141176552	1.141921633	1.142180503	1.143467964	1.143770597			
4	3.503507537	1.16039945	1.161567975	1.162722861	1.163143101	1.165485435	1.165491182			
5	4.793236085	1.171855235	1.17302848	1.175055081	1.176075312	1.179501867	1.178938472			
6	6.557745895	1.176639993	1.178957599	1.182266973	1.183911702	1.188521067	1.188040336			
7	8.971815795	1.177570971	1.181408815	1.186208156	1.188949511	1.194715161	1.19506852			
8	12.27456506	1.176755133	1.181404719	1.187603832	1.191658905	1.200002331	1.202721977			
9	16.79313875	1.17235076	1.179464955	1.187014874	1.194131355	1.205220546	1.209731059			
10	22.97511217	1.165937245	1.176094485	1.186212784	1.196907417	1.211443723	1.21930334			
11	31.43282426	1.155329959	1.170228154	1.184621945	1.200475216	1.219165983	1.231853509			
12	43.00403122	1.140402821	1.162361233	1.182384619	1.204628598	1.22958581	1.248526565			
13	58.8348882	1.121260893	1.151855298	1.178707921	1.209777284	1.243587285	1.27071961			
14	80.49347866	1.094118325	1.136510378	1.174961499	1.216782421	1.263038039	1.301295317			
15	110.1251367	1.056782244	1.114698629	1.170267747	1.226810102	1.288194117	1.342463437			
16	150.6649475	1.006418871	1.084899323	1.163191324	1.241597218	1.323817989	1.39861001			
										
f(s)=s^(τ-2)*(P≥s)		g(s)=s^σ			p	d(f(2^16)-f(2^15)/d(g(2^16)-g(2^15))				
					0.199	-0.001242319				
					0.1991	-0.026761332				
					0.1992	-0.000174555				
					0.1993	0.000364755				
					0.1994	0.000878738				
					0.1995	0.001384974				
										
BCC-13										
	s^σ	s^(τ-2)*(P≥s)								
log_2^(s)		0.1101	0.1102	0.1103	0.1104	0.1105	0.1106	0.1107	0.1108	0.1109
0	1	1	1	1	1	1	1	1	1	1
1	1.368124953	1.029482416	1.029800635	1.029974278	1.0301503	1.030325093	1.030642328	1.030871458	1.03104512	1.03125768
2	1.871765887	1.05809005	1.058747172	1.059129368	1.059853627	1.060287263	1.06114652	1.061558923	1.062024684	1.06250852
3	2.560809617	1.081339273	1.082620233	1.083389493	1.084693422	1.085705338	1.086840655	1.088106799	1.088994038	1.08995107
4	3.503507537	1.09725509	1.099438026	1.101054329	1.102915992	1.104604401	1.106450719	1.108407745	1.110114395	1.111915647
5	4.793236085	1.105935047	1.109218826	1.112277977	1.114930604	1.117832637	1.120576914	1.123668467	1.126120412	1.129308638
6	6.557745895	1.108852789	1.113775002	1.118003883	1.122222119	1.126593341	1.130604683	1.135308317	1.139189094	1.14396433
7	8.971815795	1.106207934	1.113316883	1.119601885	1.125859052	1.13200429	1.138276784	1.145105176	1.150971229	1.158025464
8	12.27456506	1.098901463	1.108501674	1.117668314	1.126931199	1.135823388	1.145070566	1.154510677	1.163182429	1.17305357
9	16.79313875	1.086392086	1.099680246	1.112774083	1.12566166	1.138685374	1.151645247	1.164899123	1.176883621	1.191388033
10	22.97511217	1.067330657	1.085827925	1.104046845	1.122422996	1.14103044	1.158842419	1.177444776	1.194751684	1.214388497
11	31.43282426	1.040501025	1.065939119	1.091386239	1.117216494	1.142730257	1.167932379	1.193907327	1.21838961	1.244932972
12	43.00403122	1.003030636	1.03838408	1.073281061	1.109375236	1.144803395	1.179982665	1.216000569	1.249971862	1.28641933
13	58.8348882	0.952303694	1.000142894	1.048513662	1.098524693	1.147300818	1.19624321	1.245129641	1.293091005	1.342650458
14	80.49347866	0.883536249	0.948788793	1.015430776	1.083335592	1.150592944	1.217770615	1.285420839	1.351217091	1.418463663
15	110.1251367	0.791732104	0.87997419	0.97008902	1.062363979	1.154735021	1.247121048	1.340176756	1.430680369	1.521591726
16	150.6649475	0.67164034	0.787140962	0.90802059	1.033961623	1.161223953	1.288147249	1.414587672	1.537090911	1.658533417
										
f(s)=s^(τ-2)*(P≥s)		g(s)=s^σ			p	d(f(2^16)-f(2^15)/d(g(2^16)-g(2^15))				
					0.1101	-0.002962317				
					0.1102	-0.019416493				
					0.1103	-0.001531049				
					0.1104	-0.000700604				
					0.1105	0.000160063				
					0.1106	0.001011998				
					0.1107	0.001835502				
					0.1108	0.002624841				
					0.1109	0.003377956				
										
BCC-23										
	s^σ	s^(τ-2)*(P≥s)								
log_2^(s)		0.1371	0.1372	0.1373	0.1374	0.1375	0.1376	0.1377	0.1378	
0	1	1	1	1	1	1	1	1	1	
1	1.368124953	1.059717474	1.059976084	1.060203621	1.060253878	1.060494711	1.060612095	1.060703132	1.061017794	
2	1.871765887	1.107153433	1.107734643	1.108316776	1.108521644	1.109201762	1.109605068	1.10985614	1.110656262	
3	2.560809617	1.139066955	1.140231639	1.141261926	1.142117633	1.142948447	1.143741914	1.144453581	1.145598763	
4	3.503507537	1.159148255	1.161022574	1.162677015	1.164089351	1.16577265	1.16703735	1.168416101	1.170026282	
5	4.793236085	1.170725822	1.173554661	1.175780334	1.178341979	1.180719876	1.182943696	1.18520414	1.187772578	
6	6.557745895	1.176173174	1.180507817	1.18354681	1.187693338	1.191262822	1.194644782	1.198362979	1.202027377	
7	8.971815795	1.177367415	1.183102304	1.187977621	1.193915791	1.199215015	1.204486981	1.209706854	1.215115712	
8	12.27456506	1.174722869	1.183178423	1.190254614	1.198688049	1.206503604	1.214244772	1.221606363	1.22950992	
9	16.79313875	1.169440443	1.181160858	1.191472607	1.203119971	1.214293797	1.225242194	1.235860049	1.247082684	
10	22.97511217	1.160781951	1.177486416	1.191977444	1.20805428	1.223676819	1.239186036	1.254186091	1.270041985	
11	31.43282426	1.148306526	1.171227426	1.191662458	1.213849695	1.235662407	1.257436513	1.278802363	1.30064033	
12	43.00403122	1.130863969	1.162087212	1.191339386	1.222053738	1.252321082	1.282450976	1.312179068	1.341997955	
13	58.8348882	1.107204249	1.150100503	1.190804027	1.233002711	1.275040991	1.316310909	1.35758283	1.39893734	
14	80.49347866	1.074879815	1.133339642	1.190246108	1.24793784	1.305777403	1.362694191	1.420054096	1.475884463	
15	110.1251367	1.030745548	1.110824518	1.189233367	1.268522067	1.348170344	1.426142508	1.504436232	1.580376713	
16	150.6649475	0.97142529	1.080451657	1.188020335	1.296489356	1.405879978	1.512417728	1.61770148	1.719896663	
										
f(s)=s^(τ-2)*(P≥s)		g(s)=s^σ			p	d(f(2^16)-f(2^15)/d(g(2^16)-g(2^15))				
					0.1371	-0.001463259				
					0.1372	-0.026651621				
					0.1373	-2.9922E-05				
					0.1374	0.000689872				
					0.1375	0.00142353				
					0.1376	0.00212816				
					0.1377	0.002793926				
					0.1378	0.003441554				
										
BCC-123										
	s^σ	s^(τ-2)*(P≥s)								
log_2^(s)		0.09589	0.0959	0.09591	0.09592	0.09593				
0	1	1	1	1	1	1				
1	1.368124953	1.05727597	1.057186302	1.057223237	1.057228231	1.057385513				
2	1.871765887	1.102109344	1.101957959	1.102064991	1.10227335	1.102426689				
3	2.560809617	1.133777958	1.133819737	1.133889726	1.134370085	1.134635672				
4	3.503507537	1.155206813	1.155280596	1.155549973	1.156123522	1.156272915				
5	4.793236085	1.168773493	1.168800747	1.169127964	1.169972175	1.17009943				
6	6.557745895	1.176795899	1.177392203	1.177815248	1.178472604	1.179379167				
7	8.971815795	1.181782568	1.182345504	1.182815227	1.183552002	1.185476582				
8	12.27456506	1.184222177	1.184644464	1.186055939	1.186850552	1.188943434				
9	16.79313875	1.184851612	1.186274932	1.187417685	1.188750293	1.191820996				
10	22.97511217	1.184232496	1.186871662	1.187877595	1.190216667	1.193757094				
11	31.43282426	1.183440517	1.186113353	1.188136556	1.19232436	1.196331272				
12	43.00403122	1.181566236	1.185651626	1.188979401	1.194217084	1.199724505				
13	58.8348882	1.178963505	1.185261997	1.189498914	1.196472428	1.203336614				
14	80.49347866	1.174095572	1.183642022	1.189896333	1.199135229	1.207280447				
15	110.1251367	1.168662264	1.181462988	1.190559774	1.201884621	1.213210879				
16	150.6649475	1.161809907	1.177847597	1.191892619	1.206356205	1.222866132				
										
f(s)=s^(τ-2)*(P≥s)		g(s)=s^σ			p	d(f(2^16)-f(2^15)/d(g(2^16)-g(2^15))				
					0.09589	-0.000169028				
					0.0959	-0.029054097				
					0.09591	3.28774E-05				
					0.09592	0.000110301				
					0.09593	0.000238167				
										
BCC-4										
	s^σ	s^(τ-2)*(P≥s)								
log_2^(s)		0.07121	0.07122	0.07123	0.07124	0.07125	0.07126	0.07127	0.07128	0.07129
0	1	1	1	1	1	1	1	1	1	1
1	1.368124953	0.94645919	0.946457865	0.946519688	0.946545504	0.946676007	0.946897322	0.946824205	0.946874108	0.946850467
2	1.871765887	0.958247384	0.958512917	0.958578932	0.958611849	0.958786045	0.95907547	0.958967973	0.959213031	0.959190346
3	2.560809617	0.983040303	0.983365139	0.983467855	0.983579201	0.983862839	0.984150772	0.984196615	0.984391999	0.984416815
4	3.503507537	1.005770799	1.006355061	1.006601993	1.006869935	1.007295127	1.007514847	1.007778083	1.007916742	1.008127678
5	4.793236085	1.02192488	1.022723779	1.023265104	1.023668111	1.023975513	1.024484615	1.025297229	1.025352401	1.025546732
6	6.557745895	1.032970191	1.033623577	1.034512292	1.035311612	1.035673563	1.03644904	1.037224352	1.03788455	1.03836312
7	8.971815795	1.039834426	1.040883814	1.041885178	1.042936674	1.043785818	1.044437648	1.0458313	1.04666946	1.047329883
8	12.27456506	1.043379628	1.044992635	1.046188849	1.047732455	1.049189494	1.050094996	1.05171941	1.053148839	1.054126878
9	16.79313875	1.044630775	1.047102131	1.048967454	1.050571055	1.052408084	1.054127844	1.056432992	1.057838233	1.059520291
10	22.97511217	1.044078441	1.047684451	1.050059788	1.052358343	1.05503128	1.056984357	1.060350795	1.062184972	1.064507247
11	31.43282426	1.041398377	1.046219782	1.049816475	1.053230088	1.057037006	1.059856427	1.064077024	1.067119386	1.070342339
12	43.00403122	1.037814093	1.043284206	1.048569021	1.053565512	1.058465147	1.062662259	1.068381946	1.072941179	1.077753282
13	58.8348882	1.032083822	1.039528784	1.04685742	1.053462683	1.060264269	1.066225577	1.074294032	1.079995293	1.086913294
14	80.49347866	1.024228796	1.034063945	1.043778462	1.053267741	1.062391407	1.070593888	1.081771581	1.089723451	1.099374702
15	110.1251367	1.013188747	1.026380956	1.039683131	1.052625051	1.065102142	1.077177026	1.091441974	1.102951088	1.116319204
16	150.6649475	0.99729225	1.015237556	1.033608192	1.051295272	1.06885759	1.084976683	1.104316082	1.121076249	1.13890212
										
f(s)=s^(τ-2)*(P≥s)		g(s)=s^σ			p	d(f(2^16)-f(2^15)/d(g(2^16)-g(2^15))				
					0.07121	-0.000392121				
					0.07122	-0.025042977				
					0.07123	-0.000149851				
					0.07124	-3.28018E-05				
					0.07125	9.2636E-05				
					0.07126	0.000192395				
					0.07127	0.000317567				
					0.07128	0.000447095				
					0.07129	0.000557055				
										
BCC-14										
	s^σ	s^(τ-2)*(P≥s)								
log_2^(s)		0.06269	0.0627	0.06271	0.06272	0.06273	0.06274	0.06275	0.06276	0.06277
0	1	1	1	1	1	1	1	1	1	1
1	1.368124953	0.99651007	0.996359522	0.996411608	0.99631834	0.996543806	0.996397995	0.996523369	0.996836719	0.996607929
2	1.871765887	1.050508964	1.050498617	1.050538845	1.050459267	1.050695042	1.050763467	1.050933792	1.051228956	1.050998623
3	2.560809617	1.085446143	1.085526112	1.085642507	1.085521384	1.085650824	1.086056433	1.086180505	1.086967949	1.086518424
4	3.503507537	1.10959017	1.109706371	1.109859239	1.109789736	1.110509061	1.110821732	1.111239347	1.111960035	1.111653476
5	4.793236085	1.125375533	1.125789832	1.126247339	1.126242576	1.127064238	1.12746825	1.128424682	1.129370363	1.12870577
6	6.557745895	1.135337038	1.135825076	1.136314484	1.137000853	1.138066289	1.138789331	1.139547608	1.140817033	1.1406641
7	8.971815795	1.140655016	1.141346513	1.142450593	1.14372757	1.144626389	1.145962943	1.147433379	1.148363313	1.148807061
8	12.27456506	1.142781598	1.143705493	1.145569363	1.147192962	1.148432446	1.150183323	1.152549825	1.153200273	1.154738737
9	16.79313875	1.142660077	1.143964958	1.146227895	1.148464733	1.150847206	1.152805643	1.155782856	1.157631785	1.159062743
10	22.97511217	1.140173812	1.142669747	1.1454936	1.148419486	1.151563806	1.154110298	1.158453385	1.161368428	1.163541988
11	31.43282426	1.135484963	1.139325094	1.14334222	1.147592595	1.151956819	1.15569577	1.161088721	1.165601296	1.168847845
12	43.00403122	1.127715784	1.133930056	1.139330173	1.145662394	1.151624379	1.157048481	1.163972064	1.170002901	1.175021282
13	58.8348882	1.117901823	1.125783741	1.13398323	1.142922198	1.150707809	1.158596943	1.167482062	1.175691504	1.18288795
14	80.49347866	1.104114592	1.115299338	1.126157185	1.138742272	1.149132574	1.160543401	1.172402578	1.18352415	1.194159562
15	110.1251367	1.08528704	1.100547682	1.115984027	1.132565739	1.147968931	1.162647994	1.178762143	1.194463311	1.2094421
16	150.6649475	1.060574018	1.080688134	1.101747385	1.124241737	1.144549081	1.165431092	1.188101622	1.209229422	1.229592483
										
f(s)=s^(τ-2)*(P≥s)		g(s)=s^σ			p	d(f(2^16)-f(2^15)/d(g(2^16)-g(2^15))				
					0.06269	-0.000609599				
					0.0627	-0.026657454				
					0.06271	-0.000351177				
					0.06272	-0.000205329				
					0.06273	-8.43578E-05				
					0.06274	6.8651E-05				
					0.06275	0.000230378				
					0.06276	0.000364237				
					0.06277	0.000497052				
										
BCC-24										
	s^σ	s^(τ-2)*(P≥s)								
log_2^(s)		0.06575	0.06576	0.06577	0.06578	0.06579	0.0658	0.06581	0.06582	0.06583
0	1	1	1	1	1	1	1	1	1	1
1	1.368124953	0.991839614	0.991948594	0.991956904	0.991932749	0.991891536	0.991987423	0.992151028	0.992193735	0.992202566
2	1.871765887	1.017758782	1.017808888	1.018116027	1.017963055	1.018027436	1.018231322	1.018385852	1.018253289	1.018358392
3	2.560809617	1.048362814	1.048393594	1.048722409	1.048712249	1.048696934	1.049330568	1.049285541	1.04936503	1.049304512
4	3.503507537	1.071487525	1.071732881	1.072153856	1.072147601	1.072261225	1.073182257	1.073353627	1.073216852	1.073507884
5	4.793236085	1.087248339	1.087952125	1.088299687	1.088289587	1.088868482	1.089869168	1.089731004	1.090192022	1.090618726
6	6.557745895	1.097454976	1.098409059	1.099138734	1.099526366	1.100222031	1.101478616	1.101350731	1.102409173	1.102747729
7	8.971815795	1.103433404	1.104763221	1.105786458	1.106916244	1.107233602	1.109559694	1.109222706	1.111098679	1.11110896
8	12.27456506	1.106769656	1.108398375	1.109841506	1.111501194	1.112066351	1.114645454	1.115049609	1.117482554	1.117679113
9	16.79313875	1.107679177	1.109862328	1.111663921	1.114393534	1.115305206	1.11882043	1.119598276	1.122944526	1.123288089
10	22.97511217	1.106720176	1.109584183	1.112659176	1.116100899	1.118177628	1.122507501	1.123578121	1.128217564	1.129125795
11	31.43282426	1.104513117	1.108089275	1.112419651	1.117602451	1.120813146	1.126130227	1.128147584	1.133915369	1.136022376
12	43.00403122	1.101019036	1.105778061	1.111603778	1.118634547	1.123612357	1.130045928	1.133690697	1.140968769	1.144917076
13	58.8348882	1.095488572	1.102544799	1.110314239	1.119397504	1.1262305	1.135206001	1.141074822	1.150441102	1.156778521
14	80.49347866	1.087704755	1.09780217	1.108430698	1.12018004	1.130265803	1.142280258	1.150915249	1.163202769	1.172048278
15	110.1251367	1.077485931	1.091547601	1.1063184	1.121846462	1.135721889	1.151209777	1.163738818	1.180366823	1.193305741
16	150.6649475	1.062981223	1.08241927	1.102567153	1.123721858	1.142199653	1.16433448	1.181858827	1.203970464	1.222581296
										
f(s)=s^(τ-2)*(P≥s)		g(s)=s^σ			p	d(f(2^16)-f(2^15)/d(g(2^16)-g(2^15))				
					0.06575	-0.000357789				
					0.06576	-0.026700156				
					0.06577	-9.25324E-05				
					0.06578	4.62606E-05				
					0.06579	0.000159788				
					0.0658	0.000323749				
					0.06581	0.000446968				
					0.06582	0.000582234				
					0.06583	0.000722143				
										
BCC-34										
	s^σ	s^(τ-2)*(P≥s)								
log_2^(s)		0.05747	0.05748	0.05749	0.0575	0.05751	0.05752	0.05753	0.05754	0.05755
0	1	1	1	1	1	1	1	1	1	1
1	1.368124953	1.004578094	1.004599806	1.004638666	1.004700968	1.004718051	1.004676096	1.004970783	1.004864053	1.005172534
2	1.871765887	1.036955563	1.037033896	1.037045236	1.037141634	1.037208946	1.037389265	1.037766722	1.037787393	1.038102228
3	2.560809617	1.070716503	1.071146775	1.071182738	1.071378498	1.071641517	1.071787163	1.072472855	1.072434921	1.07280995
4	3.503507537	1.094472795	1.094679152	1.094942746	1.095278162	1.095646362	1.095661218	1.096725759	1.097024547	1.097277394
5	4.793236085	1.109606565	1.109988951	1.110784389	1.110815246	1.111719347	1.111884502	1.113354804	1.113643387	1.114022989
6	6.557745895	1.11920909	1.119418736	1.120440071	1.120975261	1.122181767	1.122706566	1.124296154	1.125059439	1.125528966
7	8.971815795	1.124460982	1.124795533	1.126332018	1.127406547	1.128832883	1.129730205	1.131543649	1.132791444	1.133485302
8	12.27456506	1.12640745	1.127070534	1.129188236	1.1308273	1.132346527	1.134161201	1.136502648	1.137883464	1.139666275
9	16.79313875	1.126298115	1.127439207	1.130023274	1.13264918	1.134614863	1.137223241	1.140014903	1.142650117	1.144917809
10	22.97511217	1.123991065	1.125908706	1.12926475	1.13300156	1.135757722	1.139152074	1.143315061	1.14668697	1.15024087
11	31.43282426	1.119516978	1.122828425	1.127270133	1.132449564	1.136485004	1.141153523	1.146677149	1.151227883	1.15606619
12	43.00403122	1.112922831	1.11750291	1.123787301	1.130769467	1.137220656	1.143025952	1.150763554	1.157006972	1.163808106
13	58.8348882	1.102683876	1.110353498	1.119166822	1.128633821	1.137441435	1.146049176	1.156053562	1.164567662	1.173449018
14	80.49347866	1.08918634	1.099548061	1.112655512	1.125095171	1.136909036	1.14913468	1.162224988	1.174243129	1.187295435
15	110.1251367	1.070017606	1.085491067	1.10353958	1.120542464	1.137373107	1.153918466	1.171603723	1.188072235	1.206044237
16	150.6649475	1.044825669	1.066653144	1.091234751	1.113091798	1.136767855	1.160252452	1.184384692	1.206664655	1.231447861
										
f(s)=s^(τ-2)*(P≥s)		g(s)=s^σ			p	d(f(2^16)-f(2^15)/d(g(2^16)-g(2^15))				
					0.05747	-0.000621412				
					0.05748	-0.026311251				
					0.05749	-0.000303525				
					0.0575	-0.000183786				
					0.05751	-1.49298E-05				
					0.05752	0.000156241				
					0.05753	0.00031527				
					0.05754	0.000458621				
					0.05755	0.000626634				
										
BCC-124										
	s^σ	s^(τ-2)*(P≥s)								
log_2^(s)		0.06017	0.06018	0.06019	0.0602	0.06021	0.06022	0.06023	0.06024	0.06025
0	1	1	1	1	1	1	1	1	1	1
1	1.368124953	1.032048613	1.032368031	1.032184493	1.032413782	1.032244805	1.032305803	1.032339519	1.032275193	1.032329523
2	1.871765887	1.077478821	1.0779367	1.077842253	1.078004047	1.078035299	1.07817477	1.078200871	1.078316143	1.07811104
3	2.560809617	1.111160158	1.111866798	1.111549041	1.111945471	1.111835969	1.112019966	1.112329623	1.11243198	1.112329285
4	3.503507537	1.134086569	1.135019613	1.134976167	1.135756104	1.135583907	1.135667736	1.136195029	1.136440221	1.136405057
5	4.793236085	1.148891397	1.150347321	1.150319405	1.151225889	1.151585027	1.151892821	1.152329268	1.152767783	1.152837079
6	6.557745895	1.158040045	1.15963154	1.159795463	1.16101954	1.161531379	1.162184477	1.163152864	1.163663167	1.163536555
7	8.971815795	1.163005674	1.164444632	1.165131316	1.166593952	1.167382709	1.168879864	1.170197204	1.171043523	1.17081927
8	12.27456506	1.164154471	1.166291338	1.167712427	1.169204756	1.17065478	1.17269404	1.175033018	1.175830997	1.176442575
9	16.79313875	1.163122841	1.166119981	1.168063622	1.169710317	1.172109434	1.174764127	1.178324348	1.179471781	1.180751197
10	22.97511217	1.159925063	1.163788755	1.166675113	1.169354417	1.172725082	1.176060129	1.180570827	1.182796658	1.185011468
11	31.43282426	1.154624482	1.159579339	1.16367081	1.167669406	1.171678266	1.177153545	1.182908751	1.185879917	1.189214836
12	43.00403122	1.146116647	1.153098075	1.158872307	1.164551272	1.170564701	1.177877752	1.185473961	1.189554532	1.195484374
13	58.8348882	1.134861456	1.144143894	1.152568844	1.160451117	1.169007298	1.178185911	1.188202089	1.194690671	1.203638062
14	80.49347866	1.119100423	1.131693075	1.143383007	1.154988485	1.166641034	1.178704174	1.192343531	1.201684995	1.214219347
15	110.1251367	1.097771109	1.114854311	1.130705429	1.146891362	1.163069683	1.179384124	1.197811632	1.212281665	1.228862873
16	150.6649475	1.068737642	1.091622358	1.114006201	1.136044146	1.158148296	1.180636195	1.205259298	1.225738184	1.248614409
										
f(s)=s^(τ-2)*(P≥s)		g(s)=s^σ			p	d(f(2^16)-f(2^15)/d(g(2^16)-g(2^15))				
					0.06017	-0.000716172				
					0.06018	-0.02692717				
					0.06019	-0.000411922				
					0.0602	-0.000267569				
					0.06021	-0.000121396				
					0.06022	3.0885E-05				
					0.06023	0.000183712				
					0.06024	0.000331933				
					0.06025	0.000487213				
										
BCC-134										
	s^σ	s^(τ-2)*(P≥s)								
log_2^(s)		0.05418	0.05419	0.0542	0.05421	0.05422	0.05423	0.05424	0.05425	0.05426
0	1	1	1	1	1	1	1	1	1	1
1	1.368124953	1.041587924	1.041664777	1.041694107	1.041830578	1.041811042	1.042137991	1.042123697	1.042060189	1.042151154
2	1.871765887	1.086737927	1.086784946	1.086878065	1.087073372	1.087246968	1.087446026	1.087673814	1.087590016	1.087538928
3	2.560809617	1.120120103	1.120323822	1.120736011	1.120725234	1.121340675	1.121045228	1.12173685	1.121784286	1.121589373
4	3.503507537	1.141940878	1.142477344	1.143039936	1.143244889	1.143892178	1.143709113	1.144741628	1.144698521	1.144836419
5	4.793236085	1.155711839	1.15659547	1.157022028	1.157679375	1.157981323	1.158360548	1.160040708	1.159658633	1.160191459
6	6.557745895	1.163579027	1.164350872	1.165653962	1.166522748	1.166905621	1.167401976	1.169696149	1.169595836	1.169968932
7	8.971815795	1.166608455	1.167918803	1.169784288	1.170916893	1.171689691	1.172726884	1.175197381	1.175696147	1.176346044
8	12.27456506	1.166583852	1.168573638	1.170617971	1.172297357	1.173570134	1.175490082	1.178399249	1.179282542	1.180398312
9	16.79313875	1.163812302	1.166818444	1.169267403	1.171607207	1.174115601	1.176577795	1.180531708	1.182303813	1.183895551
10	22.97511217	1.158656766	1.162238442	1.165911898	1.169577112	1.17359474	1.17614467	1.18141031	1.18374503	1.186547971
11	31.43282426	1.15078588	1.155751058	1.160314004	1.16514987	1.170791706	1.174788643	1.18140459	1.185175611	1.189492345
12	43.00403122	1.1392932	1.145598534	1.152149574	1.159045808	1.166766529	1.172511196	1.181196544	1.187226308	1.193155672
13	58.8348882	1.122720248	1.13214992	1.140824465	1.150484947	1.16101013	1.16939726	1.180522225	1.189711591	1.197837343
14	80.49347866	1.099697566	1.11305798	1.124555528	1.139183766	1.15255126	1.164879235	1.179645299	1.192477361	1.204712569
15	110.1251367	1.068279694	1.086226457	1.103540601	1.122428694	1.141436108	1.158521284	1.178862674	1.196333821	1.213588692
16	150.6649475	1.026393645	1.05094109	1.074711091	1.100255341	1.126060412	1.149632844	1.176742323	1.202300552	1.225658013
										
f(s)=s^(τ-2)*(P≥s)		g(s)=s^σ			p	d(f(2^16)-f(2^15)/d(g(2^16)-g(2^15))				
					0.05418	-0.001033208				
					0.05419	-0.02592368				
					0.0542	-0.000711141				
					0.05421	-0.000546953				
					0.05422	-0.000379274				
					0.05423	-0.000219252				
					0.05424	-5.23029E-05				
					0.05425	0.000147182				
					0.05426	0.000297715				
										
BCC-234										
	s^σ	s^(τ-2)*(P≥s)								
log_2^(s)		0.05435	0.05436	0.05437	0.05438	0.05439	0.0544	0.05441	0.05442	0.05443
0	1	1	1	1	1	1	1	1	1	1
1	1.368124953	1.030788634	1.031029119	1.030847538	1.031109546	1.031241479	1.031470181	1.031130431	1.031323168	1.031390576
2	1.871765887	1.077020329	1.077089228	1.077242082	1.07756631	1.07753899	1.077794621	1.077633622	1.077858234	1.078073092
3	2.560809617	1.111763714	1.111941237	1.11228569	1.112715948	1.112800858	1.113011242	1.113005259	1.113379879	1.113609187
4	3.503507537	1.134750476	1.134800383	1.135398755	1.135915396	1.13619458	1.136740626	1.136945132	1.137400395	1.137633714
5	4.793236085	1.149234488	1.149624856	1.150181717	1.151217163	1.151282422	1.152344824	1.152883261	1.153546858	1.154071091
6	6.557745895	1.158181979	1.158706786	1.159740088	1.160674842	1.161353417	1.162627351	1.163411623	1.164107546	1.165456249
7	8.971815795	1.162937986	1.163553448	1.165182271	1.166517446	1.167754058	1.169426644	1.170643394	1.171914999	1.172996579
8	12.27456506	1.164729126	1.16598019	1.167955463	1.170090573	1.17198676	1.174101557	1.175863247	1.177139365	1.179553251
9	16.79313875	1.163995159	1.166450155	1.169590326	1.172326505	1.174507797	1.17814266	1.180086161	1.182324526	1.185229057
10	22.97511217	1.161883648	1.16569836	1.169709038	1.173592348	1.176738447	1.181085432	1.184572981	1.187811471	1.191909774
11	31.43282426	1.158086752	1.163281316	1.168902319	1.174320187	1.178930933	1.184117672	1.190077559	1.193780009	1.199640778
12	43.00403122	1.152476357	1.159896666	1.167170481	1.174448073	1.181260172	1.188755564	1.19661136	1.201708806	1.209484087
13	58.8348882	1.144712234	1.155016914	1.164781893	1.17413023	1.184417534	1.194413891	1.204991566	1.212883081	1.223447495
14	80.49347866	1.134042789	1.147960681	1.161093879	1.174665032	1.188397519	1.20208706	1.216882594	1.228302524	1.242279529
15	110.1251367	1.119325909	1.138106094	1.156500418	1.174847361	1.194284108	1.21285209	1.232412057	1.24870122	1.267954538
16	150.6649475	1.09978235	1.125041431	1.150686965	1.175314415	1.202014425	1.227314401	1.254232185	1.276268225	1.303553549
										
f(s)=s^(τ-2)*(P≥s)		g(s)=s^σ			p	d(f(2^16)-f(2^15)/d(g(2^16)-g(2^15))				
					0.05435	-0.000482083				
					0.05436	-0.027751521				
					0.05437	-0.000143401				
					0.05438	1.15209E-05				
					0.05439	0.000190685				
					0.0544	0.000356743				
					0.05441	0.00053824				
					0.05442	0.000679998				
					0.05443	0.000878125				
										
BCC-1234										
	s^σ	s^(τ-2)*(P≥s)								
log_2^(s)		0.05211	0.05212	0.05213	0.05214	0.05215	0.05216	0.05217	0.05218	0.05219
0	1	1	1	1	1	1	1	1	1	1
1	1.368124953	1.06136131	1.061216325	1.061646437	1.06156591	1.061546448	1.061660504	1.061753799	1.062002393	1.061985444
2	1.871765887	1.108672412	1.108815024	1.109487629	1.109006614	1.10952718	1.109496037	1.109728925	1.110042936	1.109971598
3	2.560809617	1.141758194	1.141974625	1.142583155	1.142188712	1.143079545	1.142732598	1.143228452	1.143939148	1.143684653
4	3.503507537	1.1630763	1.163775133	1.164456863	1.164091626	1.165056091	1.164989969	1.16583305	1.166461686	1.166589595
5	4.793236085	1.176859413	1.177257474	1.178037272	1.17806031	1.17920195	1.179271692	1.180646327	1.181233397	1.181450896
6	6.557745895	1.184006184	1.185118546	1.185727363	1.185697304	1.187583657	1.187967346	1.189668825	1.190774095	1.190705625
7	8.971815795	1.186683239	1.18884481	1.189437037	1.189577212	1.192089758	1.19319202	1.195149107	1.196028141	1.196674884
8	12.27456506	1.186385602	1.189221778	1.190676915	1.190430576	1.194133202	1.19619965	1.198405617	1.199917257	1.200447246
9	16.79313875	1.183747544	1.187099546	1.189542766	1.190136099	1.19493047	1.197144728	1.200501132	1.202950562	1.204713221
10	22.97511217	1.178184686	1.183043549	1.18629172	1.188336297	1.194335541	1.197856139	1.201939093	1.205932467	1.208248019
11	31.43282426	1.169997373	1.177051552	1.181410267	1.184796305	1.193252982	1.197568439	1.20284556	1.208358875	1.212389654
12	43.00403122	1.159087031	1.16763463	1.173834997	1.180162877	1.190029288	1.196836643	1.203972623	1.211343174	1.218061297
13	58.8348882	1.143796023	1.155383281	1.163925609	1.174006352	1.186054143	1.195793154	1.205143815	1.215688571	1.225323365
14	80.49347866	1.121982446	1.137783223	1.151006953	1.163375622	1.180715612	1.195144922	1.20786487	1.221237262	1.235166533
15	110.1251367	1.093220854	1.113692977	1.131810783	1.15042999	1.173201049	1.192452699	1.211213418	1.229271851	1.248775728
16	150.6649475	1.054577411	1.08228837	1.106959619	1.133228375	1.162789596	1.189055494	1.21466327	1.241342801	1.26752792
										
f(s)=s^(τ-2)*(P≥s)		g(s)=s^σ			p	d(f(2^16)-f(2^15)/d(g(2^16)-g(2^15))				
					0.05211	-0.000953222				
					0.05212	-0.026696927				
					0.05213	-0.000613006				
					0.05214	-0.000424314				
					0.05215	-0.00025682				
					0.05216	-8.37992E-05				
					0.05217	8.50979E-05				
					0.05218	0.000297755				
					0.05219	0.000462562				
										
BCC-5										
	s^σ	s^(τ-2)*(P≥s)								
log_2^(s)		0.2457	0.2458	0.2459	0.246	0.2461	0.2462			
0	1	1	1	1	1	1	1			
1	1.368124953	1.02058919	1.020764331	1.020765644	1.020716805	1.02117936	1.021201597			
2	1.871765887	1.074352305	1.074453209	1.074535356	1.074560391	1.075381269	1.075543607			
3	2.560809617	1.107924388	1.108310258	1.108761265	1.108851399	1.110151522	1.110329758			
4	3.503507537	1.130051309	1.130803065	1.131549771	1.132128659	1.133833726	1.134475733			
5	4.793236085	1.143789871	1.145053282	1.146460588	1.14735159	1.149729895	1.15092708			
6	6.557745895	1.151588977	1.153614425	1.155559973	1.157085995	1.160340359	1.162297439			
7	8.971815795	1.154659094	1.15786221	1.160639939	1.163053723	1.167514838	1.170774195			
8	12.27456506	1.154489127	1.159375248	1.162924657	1.166844256	1.172880626	1.177222109			
9	16.79313875	1.151348022	1.158036343	1.163744077	1.169458229	1.177495677	1.183613156			
10	22.97511217	1.145338965	1.154809876	1.162929117	1.171371423	1.182282287	1.191315322			
11	31.43282426	1.13599811	1.149426372	1.161538521	1.173364601	1.187498249	1.200340391			
12	43.00403122	1.123462356	1.141728134	1.158869323	1.175782162	1.193972474	1.212336552			
13	58.8348882	1.106270933	1.130454254	1.154778737	1.177840534	1.203722443	1.228320465			
14	80.49347866	1.082143156	1.115879087	1.149090558	1.181073183	1.216388972	1.250557503			
15	110.1251367	1.04928261	1.095261476	1.141625893	1.186286916	1.233476873	1.279853817			
16	150.6649475	1.004615834	1.067101838	1.130303936	1.192801186	1.257368356	1.321002175			
										
f(s)=s^(τ-2)*(P≥s)		g(s)=s^σ			p	d(f(2^16)-f(2^15)/d(g(2^16)-g(2^15))				
					0.2457	-0.0011018				
					0.2458	-0.026322319				
					0.2459	-0.00027928				
					0.246	0.000160688				
					0.2461	0.000589334				
					0.2462	0.001015011				
										
BCC-15										
	s^σ	s^(τ-2)*(P≥s)								
log_2^(s)		0.1121	0.1122	0.1123	0.1124	0.1125	0.1126	0.1127	0.1128	0.1129
0	1	1	1	1	1	1	1	1	1	1
1	1.368124953	0.969734306	0.970413167	0.970519951	0.970838278	0.971253208	0.9713767	0.971801283	0.972021396	0.97223824
2	1.871765887	0.977458828	0.978404006	0.978866876	0.979525704	0.980284501	0.980699487	0.9816003	0.982157568	0.98302949
3	2.560809617	0.993748084	0.995454739	0.99617439	0.997655188	0.998380133	0.999693244	1.000772966	1.001816414	1.00329459
4	3.503507537	1.008334997	1.010785096	1.011797566	1.014349632	1.015770351	1.017534159	1.019062675	1.020992545	1.023437704
5	4.793236085	1.017585029	1.02098839	1.022865573	1.026859471	1.028968795	1.031203363	1.034270383	1.037183287	1.040082923
6	6.557745895	1.021564386	1.026563266	1.029511033	1.034798149	1.038465171	1.041713019	1.045842314	1.050690577	1.054567992
7	8.971815795	1.020621467	1.027265664	1.031795123	1.038351504	1.044466998	1.049311548	1.055416074	1.062069325	1.067134024
8	12.27456506	1.013791213	1.022988254	1.02979217	1.038964813	1.047739182	1.055397993	1.063812553	1.072737271	1.080219752
9	16.79313875	1.000788945	1.013758582	1.024126257	1.036930129	1.048708461	1.059891991	1.071816825	1.084410661	1.095757456
10	22.97511217	0.981572766	0.998681009	1.014110383	1.031398543	1.047979018	1.063737432	1.080346891	1.098689282	1.113879831
11	31.43282426	0.953427441	0.976751846	0.999223853	1.02257114	1.045768696	1.068031573	1.09147975	1.11605796	1.137994949
12	43.00403122	0.914093465	0.946411562	0.97777168	1.009964988	1.042160914	1.073831343	1.105745809	1.139632729	1.170174376
13	58.8348882	0.860888071	0.904436966	0.948077143	0.991910745	1.036562421	1.080802058	1.12457604	1.170474331	1.213902488
14	80.49347866	0.788802107	0.847268499	0.907158057	0.967167548	1.029259059	1.089592232	1.150072494	1.212298013	1.272041812
15	110.1251367	0.692696429	0.770363186	0.851347466	0.933043274	1.019104555	1.101654358	1.185126493	1.270009602	1.351047072
16	150.6649475	0.569151373	0.670073417	0.776750984	0.887609147	1.003356923	1.117954526	1.232068997	1.347777426	1.45765042
										
f(s)=s^(τ-2)*(P≥s)		g(s)=s^σ			p	d(f(2^16)-f(2^15)/d(g(2^16)-g(2^15))				
					0.1121	-0.0030475				
					0.1122	-0.016528775				
					0.1123	-0.00184008				
					0.1124	-0.001120729				
					0.1125	-0.000388449				
					0.1126	0.000402078				
					0.1127	0.001157936				
					0.1128	0.001918308				
					0.1129	0.002629597				
										
BCC-25										
	s^σ	s^(τ-2)*(P≥s)								
log_2^(s)		0.1358	0.1359	0.136	0.1361	0.1362	0.1363	0.1364	0.1365	0.1366
0	1	1	1	1	1	1	1	1	1	1
1	1.368124953	0.992213842	0.992541457	0.992825825	0.992948974	0.993232226	0.993488884	0.993664366	0.994114099	0.994066337
2	1.871765887	1.034289129	1.03497403	1.035438129	1.035728741	1.036318577	1.036818682	1.037275436	1.038008546	1.038227007
3	2.560809617	1.064304903	1.065367051	1.066240028	1.066851566	1.068007109	1.068788522	1.069780039	1.070855903	1.071350057
4	3.503507537	1.084851896	1.086654862	1.088316287	1.089347165	1.090998787	1.092485167	1.09404758	1.0955995	1.096833337
5	4.793236085	1.097781824	1.100251342	1.10281154	1.104783308	1.107259779	1.109449348	1.111943959	1.114217547	1.11624973
6	6.557745895	1.104324523	1.107768207	1.111488479	1.114650352	1.118282343	1.121652155	1.125371979	1.128961077	1.132180823
7	8.971815795	1.105349755	1.110471177	1.11592012	1.120927385	1.125945234	1.130737211	1.136276192	1.141285946	1.146027036
8	12.27456506	1.101645323	1.109065791	1.116556412	1.123771819	1.131259888	1.138155835	1.145663764	1.153252412	1.160293204
9	16.79313875	1.093665472	1.103984996	1.114345448	1.124848843	1.135081179	1.145574582	1.155994427	1.166420356	1.176830344
10	22.97511217	1.080621509	1.095101416	1.109386835	1.124492604	1.138666093	1.153314138	1.167659417	1.182618518	1.197225866
11	31.43282426	1.061255966	1.081789	1.10174918	1.122300295	1.142559345	1.163001815	1.182948761	1.203727886	1.224186407
12	43.00403122	1.033800347	1.062590651	1.090442193	1.118993376	1.147015296	1.175576069	1.203496144	1.231942169	1.260456532
13	58.8348882	0.996347778	1.036056045	1.074491297	1.11407097	1.153053562	1.192322141	1.231173342	1.269839778	1.309576723
14	80.49347866	0.945942329	0.999827413	1.052962584	1.10726457	1.161399991	1.215147449	1.268831168	1.322611935	1.375800184
15	110.1251367	0.877220797	0.950392257	1.023338236	1.097788008	1.172282859	1.24628753	1.319769927	1.39326192	1.466151836
16	150.6649475	0.785996206	0.883811475	0.982822843	1.084482599	1.18719483	1.288739013	1.389367087	1.489145974	1.586917907
										
f(s)=s^(τ-2)*(P≥s)		g(s)=s^σ			p	d(f(2^16)-f(2^15)/d(g(2^16)-g(2^15))				
					0.1358	-0.002250247				
					0.1359	-0.021801075				
					0.136	-0.000999398				
					0.1361	-0.000328206				
					0.1362	0.000367835				
					0.1363	0.001047155				
					0.1364	0.001716761				
					0.1365	0.002365183				
					0.1366	0.00297895				
										
BCC-35										
	s^σ	s^(τ-2)*(P≥s)								
log_2^(s)		0.1034	0.1035	0.1036	0.1037	0.1038	0.1039	0.104	0.1041	
0	1	1	1	1	1	1	1	1	1	
1	1.368124953	1.011479541	1.011843841	1.012155704	1.012241452	1.012669677	1.012788889	1.01308589	1.013555965	
2	1.871765887	1.058143131	1.058801331	1.059527924	1.059948504	1.060710883	1.060956647	1.061660915	1.062625884	
3	2.560809617	1.093507494	1.094687332	1.095746745	1.096804012	1.097997674	1.099008031	1.10027233	1.101526782	
4	3.503507537	1.115319528	1.117156942	1.119127625	1.120884629	1.122875381	1.124653542	1.126820497	1.128739318	
5	4.793236085	1.127638976	1.130416724	1.133631711	1.136715732	1.139545707	1.142277621	1.145252834	1.148752681	
6	6.557745895	1.13241989	1.136736417	1.14157663	1.146286032	1.150395856	1.154694328	1.159162441	1.164646377	
7	8.971815795	1.130915605	1.137577326	1.144611744	1.151449719	1.158060272	1.164445763	1.170362018	1.178485731	
8	12.27456506	1.124030854	1.133769597	1.143636843	1.15341104	1.163212847	1.172248212	1.181457327	1.192185369	
9	16.79313875	1.111667347	1.125443631	1.139478907	1.153469373	1.167058227	1.180517307	1.192870093	1.208129169	
10	22.97511217	1.093028975	1.112604443	1.132137354	1.151391157	1.170782075	1.189919348	1.207776225	1.228662664	
11	31.43282426	1.066370305	1.093565806	1.120941337	1.147374087	1.174374272	1.201375652	1.226610356	1.255248534	
12	43.00403122	1.029502318	1.067146693	1.105016652	1.141815567	1.179464631	1.217034635	1.252453814	1.291689068	
13	58.8348882	0.979465688	1.030970789	1.083008805	1.133921648	1.185712856	1.237847822	1.287562966	1.340177743	
14	80.49347866	0.911729152	0.981450991	1.052810254	1.122637151	1.1938213	1.266069025	1.335344912	1.406583381	
15	110.1251367	0.821074152	0.914624027	1.011436897	1.107392777	1.205296989	1.304345203	1.399894554	1.496582765	
16	150.6649475	0.702574165	0.825426724	0.955343794	1.086740342	1.221488723	1.357061265	1.487070308	1.61748167	
										
f(s)=s^(τ-2)*(P≥s)		g(s)=s^σ			p	d(f(2^16)-f(2^15)/d(g(2^16)-g(2^15))				
					0.1034	-0.002923052				
					0.1035	-0.020360892				
					0.1036	-0.001383655				
					0.1037	-0.000509436				
					0.1038	0.000399403				
					0.1039	0.001300353				
					0.104	0.002150374				
					0.1041	0.002982227				
										
BCC-45										
	s^σ	s^(τ-2)*(P≥s)								
log_2^(s)		0.05904	0.05905	0.05906	0.05907	0.05908	0.05909	0.0591	0.05911	0.05912
0	1	1	1	1	1	1	1	1	1	1
1	1.368124953	0.977326833	0.977296363	0.977578981	0.977763422	0.977606917	0.977489799	0.977516145	0.977654383	0.977609052
2	1.871765887	0.994992265	0.995023154	0.995418446	0.995677843	0.995599122	0.995277698	0.99551432	0.995940216	0.995735415
3	2.560809617	1.024311176	1.024182443	1.024694554	1.024943374	1.024884904	1.024813215	1.025244291	1.025485238	1.025606859
4	3.503507537	1.047454274	1.047569594	1.048248803	1.048400038	1.04882702	1.048664558	1.049525064	1.049580174	1.049742782
5	4.793236085	1.063250277	1.06367587	1.064146149	1.064432344	1.06536105	1.065167664	1.066240218	1.066420703	1.066751295
6	6.557745895	1.073602336	1.074176153	1.074700352	1.075481339	1.076416264	1.076601132	1.07765866	1.078136276	1.078842306
7	8.971815795	1.079421038	1.079952499	1.081082068	1.082197945	1.08336987	1.084478643	1.085792119	1.086780217	1.087503321
8	12.27456506	1.081956714	1.083264938	1.084462619	1.086349839	1.08823566	1.089668075	1.091601609	1.093036733	1.094308702
9	16.79313875	1.082570962	1.084218249	1.086457726	1.088640818	1.091402819	1.093429429	1.096278817	1.098365578	1.099991255
10	22.97511217	1.080822995	1.083421874	1.0872017	1.090122354	1.09320894	1.096290309	1.09938046	1.10314649	1.106052068
11	31.43282426	1.078014976	1.081389444	1.08667804	1.090451597	1.095298254	1.099124315	1.103268285	1.108732319	1.112549245
12	43.00403122	1.072550097	1.077261731	1.084228139	1.089639474	1.09715831	1.101697876	1.107700537	1.115314761	1.120951651
13	58.8348882	1.064722808	1.071657792	1.081007359	1.088645119	1.098553014	1.10621745	1.114034661	1.123682233	1.131542647
14	80.49347866	1.052934872	1.063182047	1.076733688	1.086834075	1.100155322	1.110523101	1.121972147	1.134703859	1.145759462
15	110.1251367	1.037962998	1.052593535	1.069194188	1.084845731	1.101324749	1.116761654	1.13259842	1.149675311	1.164996988
16	150.6649475	1.015679868	1.037096777	1.060266282	1.081399104	1.104034078	1.124971269	1.147777038	1.169588209	1.191018731
										
f(s)=s^(τ-2)*(P≥s)		g(s)=s^σ			p	d(f(2^16)-f(2^15)/d(g(2^16)-g(2^15))				
					0.05904	-0.00054966				
					0.05905	-0.025582181				
					0.05906	-0.000220226				
					0.05907	-8.50183E-05				
					0.05908	6.68313E-05				
					0.05909	0.000202507				
					0.0591	0.000374413				
					0.05911	0.000491194				
					0.05912	0.000641881				
										
BCC-125										
	s^σ	s^(τ-2)*(P≥s)								
log_2^(s)		0.09507	0.09508	0.09509	0.0951	0.09511	0.09512	0.09513	0.09514	0.09515
0	1	1	1	1	1	1	1	1	1	1
1	1.368124953	1.01353501	1.013611192	1.013473975	1.01354716	1.013503699	1.013585163	1.013736075	1.013611802	1.013676724
2	1.871765887	1.045038616	1.044982516	1.044996229	1.044900358	1.045114123	1.045422275	1.045464144	1.045436547	1.045498943
3	2.560809617	1.07355039	1.073703709	1.073739932	1.073623612	1.073780339	1.074288393	1.074243746	1.074457144	1.074321216
4	3.503507537	1.094953405	1.095185953	1.095312292	1.095225884	1.095451939	1.095977962	1.096202055	1.096406284	1.096336838
5	4.793236085	1.109819728	1.11004345	1.110201097	1.110230893	1.110567126	1.111145864	1.111676048	1.111912233	1.112007261
6	6.557745895	1.119053399	1.119691034	1.12009815	1.120075739	1.120815855	1.121430361	1.121939328	1.122498132	1.122817945
7	8.971815795	1.124336741	1.125040458	1.125973939	1.126346208	1.127213978	1.127737884	1.128412107	1.129425355	1.129896671
8	12.27456506	1.12656856	1.127882788	1.128656425	1.129861644	1.130827605	1.131258753	1.132899511	1.133612337	1.134826467
9	16.79313875	1.126464208	1.128227302	1.129584617	1.130784828	1.132627333	1.133137543	1.135147759	1.136561723	1.138045929
10	22.97511217	1.124104374	1.126446885	1.128156584	1.129733876	1.13279545	1.133819253	1.136279785	1.138323162	1.140256149
11	31.43282426	1.119942365	1.122953049	1.125037654	1.128039528	1.131790382	1.133507231	1.136699104	1.139889552	1.142299889
12	43.00403122	1.113656221	1.117574988	1.120374619	1.124677671	1.129214078	1.132577647	1.136907834	1.140973066	1.144215869
13	58.8348882	1.104340952	1.109805652	1.11440438	1.119717247	1.125931974	1.130662695	1.13665366	1.142107775	1.146875682
14	80.49347866	1.091136895	1.098875672	1.105727238	1.112412162	1.121177783	1.128142247	1.136048472	1.14359027	1.150711361
15	110.1251367	1.073165112	1.084125539	1.093905459	1.102921724	1.114411594	1.124767616	1.135495297	1.145548602	1.155605226
16	150.6649475	1.048840525	1.063313567	1.077114953	1.090141362	1.105917422	1.119811504	1.133746264	1.148438391	1.161774187
										
f(s)=s^(τ-2)*(P≥s)		g(s)=s^σ			p	d(f(2^16)-f(2^15)/d(g(2^16)-g(2^15))				
					0.09507	-0.000600017				
					0.09508	-0.026228873				
					0.09509	-0.000414173				
					0.0951	-0.000315255				
					0.09511	-0.000209527				
					0.09512	-0.000122253				
					0.09513	-4.31436E-05				
					0.09514	7.12828E-05				
					0.09515	0.00015217				
										
BCC-135										
	s^σ	s^(τ-2)*(P≥s)								
log_2^(s)		0.07541	0.07542	0.07543	0.07544	0.07545	0.07546	0.07547	0.07548	0.07549
0	1	1	1	1	1	1	1	1	1	1
1	1.368124953	1.013044774	1.013124991	1.013003293	1.01309672	1.013161197	1.013316334	1.013222041	1.013310053	1.013519192
2	1.871765887	1.052819639	1.05301242	1.052721779	1.052932695	1.052864927	1.053298101	1.05289474	1.053164189	1.053433383
3	2.560809617	1.085370223	1.085784442	1.085346067	1.085678739	1.085675394	1.086276256	1.085892047	1.086183925	1.086380649
4	3.503507537	1.107969399	1.108864898	1.108257941	1.108895771	1.108950878	1.109653402	1.109280136	1.109622566	1.110042239
5	4.793236085	1.123393653	1.123865603	1.123668352	1.12429236	1.124838235	1.125714473	1.125426937	1.125910224	1.126163656
6	6.557745895	1.133203449	1.1335072	1.13350148	1.134435343	1.135282441	1.136501928	1.135839743	1.136988535	1.137802825
7	8.971815795	1.138603086	1.139146257	1.139257174	1.140763821	1.141970382	1.143283204	1.143027147	1.144509874	1.145619401
8	12.27456506	1.141114453	1.142292838	1.142428318	1.144302454	1.145704469	1.147767005	1.147964	1.149443959	1.151084103
9	16.79313875	1.141360834	1.14247677	1.143637826	1.146212781	1.14855311	1.150662713	1.151189489	1.152861563	1.155418372
10	22.97511217	1.139473652	1.141441027	1.14334733	1.146531212	1.149901065	1.153048815	1.153570471	1.156688119	1.15948039
11	31.43282426	1.135717408	1.139181495	1.141878784	1.146071395	1.15051522	1.15475084	1.156540563	1.160333887	1.164398002
12	43.00403122	1.130356862	1.135101734	1.139433517	1.145167516	1.151034838	1.156328158	1.159378927	1.164758774	1.170223779
13	58.8348882	1.122399647	1.129316927	1.13576281	1.143428155	1.1504736	1.158074399	1.162879823	1.170492021	1.17837072
14	80.49347866	1.111167409	1.121354435	1.130264583	1.140412461	1.15042576	1.160132779	1.168086094	1.177354621	1.18853338
15	110.1251367	1.096525937	1.110300237	1.12305955	1.136283923	1.15020645	1.163508329	1.17511792	1.187658434	1.202461642
16	150.6649475	1.076260901	1.094782221	1.112324316	1.130703147	1.149851084	1.16731243	1.184179425	1.201875961	1.221430112
										
f(s)=s^(τ-2)*(P≥s)		g(s)=s^σ			p	d(f(2^16)-f(2^15)/d(g(2^16)-g(2^15))				
					0.07541	-0.00049988				
					0.07542	-0.027005114				
					0.07543	-0.000264807				
					0.07544	-0.000137662				
					0.07545	-8.76586E-06				
					0.07546	9.38362E-05				
					0.07547	0.000223521				
					0.07548	0.000350705				
					0.07549	0.000467897				
										
BCC-145										
	s^σ	s^(τ-2)*(P≥s)								
log_2^(s)		0.05429	0.0543	0.05431	0.05432	0.05433	0.05434	0.05435	0.05436	0.05437
0	1	1	1	1	1	1	1	1	1	1
1	1.368124953	1.017639503	1.01788667	1.017629827	1.018043224	1.017807989	1.017853407	1.01784373	1.018228709	1.01807768
2	1.871765887	1.062774428	1.063030301	1.062755353	1.063557591	1.063329223	1.06328564	1.063405648	1.064068877	1.063685946
3	2.560809617	1.096041478	1.096847329	1.096625491	1.097537289	1.097232691	1.097270224	1.097705423	1.098416298	1.098407827
4	3.503507537	1.11869951	1.119708116	1.119631342	1.120694371	1.120379983	1.120509508	1.121298955	1.122281179	1.122042302
5	4.793236085	1.133234121	1.134240042	1.134799322	1.135816472	1.13592392	1.136354114	1.136735018	1.138384813	1.138059165
6	6.557745895	1.142111073	1.143587741	1.144047526	1.14545782	1.145520212	1.146500793	1.146611194	1.148936212	1.149111706
7	8.971815795	1.146133333	1.148458953	1.149190646	1.150608493	1.151392249	1.153092109	1.153287196	1.156348135	1.156567964
8	12.27456506	1.147453257	1.150219504	1.151178467	1.15325124	1.154352907	1.156579931	1.157478779	1.161641038	1.1614097
9	16.79313875	1.145621609	1.149417566	1.150826647	1.15383573	1.155963043	1.158534983	1.160636272	1.165474036	1.165739038
10	22.97511217	1.142090194	1.146021076	1.149030826	1.152929109	1.156133436	1.159642857	1.162713892	1.168612452	1.170713566
11	31.43282426	1.135455134	1.141101681	1.145396851	1.151426792	1.155694755	1.160009607	1.164798534	1.172036322	1.175745713
12	43.00403122	1.125762351	1.133678126	1.139658726	1.147439842	1.153969259	1.160096811	1.166480134	1.176398621	1.181580419
13	58.8348882	1.112474207	1.123068912	1.131986723	1.142697123	1.151600571	1.160810115	1.169429653	1.182001771	1.189851959
14	80.49347866	1.094424385	1.108842403	1.120275692	1.135304392	1.147990966	1.160391668	1.172811832	1.188613254	1.199937914
15	110.1251367	1.069840855	1.088628345	1.105163397	1.12580881	1.142616184	1.160496616	1.177926434	1.198792363	1.214398235
16	150.6649475	1.036245532	1.062136443	1.085350463	1.112131425	1.135994311	1.160444173	1.184778897	1.21260804	1.235076403
										
f(s)=s^(τ-2)*(P≥s)		g(s)=s^σ			p	d(f(2^16)-f(2^15)/d(g(2^16)-g(2^15))				
					0.05429	-0.0008287				
					0.0543	-0.026199837				
					0.05431	-0.000488728				
					0.05432	-0.000337382				
					0.05433	-0.000163342				
					0.05434	-1.29361E-06				
					0.05435	0.00016903				
					0.05436	0.000340793				
					0.05437	0.000510071				
										
BCC-235										
	s^σ	s^(τ-2)*(P≥s)								
log_2^(s)		0.09761	0.09762	0.09763	0.09764	0.09765	0.09766			
0	1	1	1	1	1	1	1			
1	1.368124953	1.060944958	1.061173429	1.061381017	1.061213226	1.061219611	1.061332888			
2	1.871765887	1.106966901	1.107373328	1.107248237	1.107151843	1.107313119	1.107420388			
3	2.560809617	1.139934284	1.140518775	1.1402239	1.140389398	1.14060864	1.140980965			
4	3.503507537	1.161863396	1.162526109	1.162409473	1.162575706	1.162902729	1.163317614			
5	4.793236085	1.1755055	1.176411379	1.1765537	1.176922809	1.177116771	1.177777545			
6	6.557745895	1.183862618	1.184881081	1.185223659	1.185700757	1.186155212	1.186919325			
7	8.971815795	1.188681354	1.189510787	1.190127344	1.19094081	1.19142874	1.192430898			
8	12.27456506	1.1907402	1.191497296	1.192723484	1.194221206	1.194744763	1.195970977			
9	16.79313875	1.191283581	1.192153244	1.193768187	1.195774321	1.196890027	1.198444556			
10	22.97511217	1.19023251	1.191467543	1.19385713	1.196370385	1.19773583	1.20026527			
11	31.43282426	1.187912755	1.189801525	1.19307847	1.196412855	1.198735356	1.201633158			
12	43.00403122	1.184471398	1.187607978	1.191536811	1.195625644	1.199611185	1.204104507			
13	58.8348882	1.178939125	1.18382583	1.189879918	1.194537083	1.200316263	1.206571814			
14	80.49347866	1.171597808	1.178134297	1.186479454	1.193428186	1.201177996	1.209211139			
15	110.1251367	1.161293601	1.171443979	1.181832264	1.192114591	1.202989702	1.213586013			
16	150.6649475	1.147108128	1.161624361	1.175989704	1.18998336	1.205420319	1.219486177			
										
f(s)=s^(τ-2)*(P≥s)		g(s)=s^σ			p	d(f(2^16)-f(2^15)/d(g(2^16)-g(2^15))				
					0.09761	-0.000349915				
					0.09762	-0.028653917				
					0.09763	-0.000144119				
					0.09764	-5.25713E-05				
					0.09765	5.99563E-05				
					0.09766	0.00014554				
										
BCC-245										
	s^σ	s^(τ-2)*(P≥s)								
log_2^(s)		0.05506	0.05507	0.05508	0.05509	0.0551	0.05511	0.05512	0.05513	0.05514
0	1	1	1	1	1	1	1	1	1	1
1	1.368124953	1.007532603	1.007627003	1.007473791	1.00768278	1.007934049	1.007648729	1.007581948	1.007822936	1.00805032
2	1.871765887	1.043798287	1.044404693	1.044201428	1.044681887	1.044832344	1.044723062	1.04450754	1.04483054	1.045126278
3	2.560809617	1.077410339	1.078119986	1.078222153	1.078547291	1.078633816	1.07870248	1.078768163	1.078770496	1.079646082
4	3.503507537	1.100205449	1.100789218	1.101109889	1.101712252	1.101984335	1.102099377	1.10237903	1.102606414	1.103412907
5	4.793236085	1.114766999	1.115777685	1.116127434	1.117088015	1.117537887	1.117735212	1.118446837	1.118607987	1.11991443
6	6.557745895	1.123772621	1.124916764	1.125518706	1.126626803	1.127422168	1.127861844	1.128670734	1.12902795	1.13091584
7	8.971815795	1.128106389	1.130025164	1.130535516	1.132100422	1.133381972	1.13442131	1.135073907	1.135964489	1.138311127
8	12.27456506	1.129411023	1.131401649	1.132552288	1.134228393	1.136425134	1.138695847	1.139498203	1.141020947	1.143472291
9	16.79313875	1.127451172	1.130288763	1.133118865	1.134441986	1.137858149	1.14091979	1.142250296	1.144286301	1.147841955
10	22.97511217	1.122898502	1.126728252	1.130844014	1.133565936	1.137853517	1.141121463	1.144229805	1.14707624	1.151906446
11	31.43282426	1.11594034	1.121037798	1.126472754	1.131228334	1.136956464	1.141210902	1.145821992	1.149833369	1.155996506
12	43.00403122	1.106225428	1.112513211	1.120970032	1.12638286	1.134695874	1.140840605	1.146938179	1.153221208	1.161630977
13	58.8348882	1.09258978	1.10115234	1.111848226	1.120352234	1.130850167	1.140360281	1.148705402	1.157352474	1.168159443
14	80.49347866	1.07300557	1.085043983	1.099670421	1.111816612	1.125474918	1.137996775	1.151119351	1.163225403	1.176682832
15	110.1251367	1.046717089	1.063632287	1.082506255	1.099516526	1.118141866	1.135132738	1.153760905	1.170774712	1.18871878
16	150.6649475	1.011269968	1.035086621	1.059329327	1.083514411	1.108457022	1.132377065	1.156544501	1.180876324	1.205353918
										
f(s)=s^(τ-2)*(P≥s)		g(s)=s^σ			p	d(f(2^16)-f(2^15)/d(g(2^16)-g(2^15))				
					0.05506	-0.000874378				
					0.05507	-0.025532596				
					0.05508	-0.000571708				
					0.05509	-0.000394726				
					0.0551	-0.000238897				
					0.05511	-6.79745E-05				
					0.05512	6.86633E-05				
					0.05513	0.000249178				
					0.05514	0.000410341				
										
BCC-345										
	s^σ	s^(τ-2)*(P≥s)								
log_2^(s)		0.04926	0.04927	0.04928	0.04929	0.0493	0.04931	0.04932	0.04933	0.04934
0	1	1	1	1	1	1	1	1	1	1
1	1.368124953	1.016652668	1.016462007	1.016584507	1.016271688	1.016714394	1.016743138	1.01667604	1.016891079	1.016933185
2	1.871765887	1.061068948	1.060736707	1.061020699	1.060738791	1.061186164	1.061181036	1.061292703	1.061547627	1.061755572
3	2.560809617	1.09756647	1.09706425	1.097338657	1.097632608	1.098094224	1.098082069	1.098280521	1.09872099	1.098833393
4	3.503507537	1.121016196	1.120718079	1.120891672	1.121623086	1.121960218	1.122146401	1.122521723	1.123073493	1.123583888
5	4.793236085	1.135569742	1.135488727	1.135741331	1.137146811	1.137431618	1.137915156	1.138758112	1.139647545	1.14029036
6	6.557745895	1.144379054	1.144706332	1.144555788	1.146767138	1.147186156	1.147793696	1.149022853	1.150466087	1.151177931
7	8.971815795	1.148273777	1.148767352	1.149295681	1.152378887	1.152754541	1.153694524	1.155821682	1.157342044	1.158702772
8	12.27456506	1.149012864	1.149770627	1.151524912	1.154475657	1.155780721	1.157464758	1.160321077	1.162127041	1.164239715
9	16.79313875	1.147260887	1.148399212	1.151095983	1.154931947	1.157054943	1.159560709	1.162812539	1.16576208	1.168657073
10	22.97511217	1.142618301	1.144993027	1.148593929	1.153407283	1.157296784	1.160267691	1.165243676	1.169292574	1.172692304
11	31.43282426	1.135046095	1.139279105	1.144330558	1.150689768	1.155554165	1.161304332	1.166764876	1.172780248	1.177945886
12	43.00403122	1.124545151	1.131001756	1.137732181	1.146100884	1.153776822	1.161150471	1.168644241	1.177049798	1.183964611
13	58.8348882	1.109011361	1.118990995	1.128967684	1.140359595	1.150507807	1.160853608	1.171587659	1.182833187	1.192651067
14	80.49347866	1.088328073	1.102656942	1.116420152	1.131824269	1.146049603	1.160104858	1.17461283	1.189977147	1.204806127
15	110.1251367	1.060407988	1.079610876	1.098747622	1.120368902	1.140054162	1.159553938	1.179080976	1.199937118	1.220995094
16	150.6649475	1.022435663	1.049323662	1.075520727	1.104348877	1.131613128	1.158644711	1.184809212	1.213361203	1.242177194
										
f(s)=s^(τ-2)*(P≥s)		g(s)=s^σ			p	d(f(2^16)-f(2^15)/d(g(2^16)-g(2^15))				
					0.04926	-0.000936668				
					0.04927	-0.025883783				
					0.04928	-0.00057294				
					0.04929	-0.000395168				
					0.0493	-0.000208216				
					0.04931	-2.2428E-05				
					0.04932	0.000141299				
					0.04933	0.000331133				
					0.04934	0.000522501				
										
BCC-1235										
	s^σ	s^(τ-2)*(P≥s)								
log_2^(s)		0.07161	0.07162	0.07163	0.07164	0.07165	0.07166	0.07167	0.07168	0.07169
0	1	1	1	1	1	1	1	1	1	1
1	1.368124953	1.048781898	1.048911096	1.048855011	1.048966998	1.049069745	1.049011166	1.049010832	1.049170162	1.049166113
2	1.871765887	1.08743527	1.087534337	1.087602963	1.087619554	1.087681644	1.087823496	1.087877908	1.087913225	1.08801255
3	2.560809617	1.117228493	1.117301316	1.117597971	1.117732295	1.11783248	1.118239819	1.118227897	1.118434409	1.118338349
4	3.503507537	1.138384123	1.138502975	1.138896494	1.139190148	1.139468844	1.139551999	1.140208144	1.140074582	1.140363074
5	4.793236085	1.152090379	1.152538794	1.153131475	1.153371291	1.153865482	1.15423131	1.155153124	1.154753892	1.155393279
6	6.557745895	1.160611015	1.161248163	1.162012898	1.162589264	1.163328298	1.163604647	1.164952984	1.164774949	1.16556188
7	8.971815795	1.165250046	1.166287821	1.167518941	1.168360379	1.169496605	1.170194715	1.171500236	1.171741079	1.172852893
8	12.27456506	1.16726202	1.168668823	1.170520885	1.171715966	1.173208039	1.17442973	1.176227008	1.176710147	1.178402329
9	16.79313875	1.167129683	1.169692503	1.171756511	1.173232836	1.17600993	1.17745222	1.179605784	1.180751556	1.18319473
10	22.97511217	1.165898482	1.169239052	1.172029388	1.173995164	1.17770758	1.17973656	1.182920851	1.184969826	1.188001636
11	31.43282426	1.162977738	1.16737218	1.171089302	1.174321821	1.179468108	1.18237276	1.186469979	1.189771885	1.194222786
12	43.00403122	1.158206128	1.163865767	1.169693092	1.174445081	1.180911301	1.185641176	1.191112447	1.195707491	1.201821164
13	58.8348882	1.152160778	1.159747238	1.167387488	1.174342351	1.182753907	1.189720979	1.196921526	1.203677703	1.211976756
14	80.49347866	1.143470945	1.153993038	1.164248703	1.173893399	1.185265046	1.194949495	1.20474422	1.214474289	1.225988123
15	110.1251367	1.1314809	1.146159542	1.159961093	1.173710162	1.188573913	1.201860564	1.215824294	1.229688506	1.245009614
16	150.6649475	1.11490568	1.134864565	1.153447932	1.173135445	1.193215217	1.211588093	1.230767013	1.2498273	1.270061182
										
f(s)=s^(τ-2)*(P≥s)		g(s)=s^σ			p	d(f(2^16)-f(2^15)/d(g(2^16)-g(2^15))				
					0.07161	-0.000408863				
					0.07162	-0.02799383				
					0.07163	-0.000160661				
					0.07164	-1.41766E-05				
					0.07165	0.000114488				
					0.07166	0.00023995				
					0.07167	0.000368594				
					0.07168	0.000496766				
					0.07169	0.00061795				
										
BCC-1245										
	s^σ	s^(τ-2)*(P≥s)								
log_2^(s)		0.05205	0.05206	0.05207	0.05208	0.05209	0.0521	0.05211	0.05212	0.05213
0	1	1	1	1	1	1	1	1	1	1
1	1.368124953	1.042701424	1.042587108	1.042535921	1.042545126	1.042980172	1.042831702	1.042916622	1.04271668	1.042863337
2	1.871765887	1.089956749	1.090144404	1.089995363	1.090197922	1.090603706	1.09066426	1.090665635	1.090545144	1.090702017
3	2.560809617	1.123165666	1.123678246	1.123751341	1.123955001	1.124693193	1.124702983	1.124564693	1.124673571	1.125052749
4	3.503507537	1.145717763	1.14645273	1.146831601	1.146877275	1.147856577	1.148269578	1.147989574	1.14871958	1.149322408
5	4.793236085	1.160558878	1.161184311	1.161967281	1.161852991	1.163052185	1.164078497	1.163972564	1.165085062	1.165479199
6	6.557745895	1.169032202	1.170388436	1.171251013	1.17161113	1.172798474	1.174647132	1.174524891	1.176104543	1.176853413
7	8.971815795	1.173819705	1.175540653	1.177289764	1.177811517	1.179633554	1.181516395	1.181838264	1.183935517	1.185272288
8	12.27456506	1.175918943	1.177768435	1.180309839	1.181606102	1.183793203	1.186657028	1.187291069	1.189890417	1.191751983
9	16.79313875	1.176025516	1.178845055	1.181812124	1.184400723	1.187065591	1.190725907	1.192151884	1.19601859	1.198484145
10	22.97511217	1.17507785	1.178937572	1.183088588	1.186770467	1.189983558	1.194402223	1.197121971	1.202161324	1.206300428
11	31.43282426	1.171572979	1.177356366	1.183428204	1.188719759	1.193409585	1.1998093	1.203697783	1.209996487	1.216005022
12	43.00403122	1.167464642	1.174831399	1.182884956	1.190414326	1.197265544	1.206295238	1.212357834	1.220336219	1.228676856
13	58.8348882	1.161610122	1.172016979	1.182488225	1.193644472	1.20269112	1.214519559	1.223608363	1.234814377	1.245882674
14	80.49347866	1.153358582	1.167894106	1.181918109	1.196371733	1.209749689	1.225733768	1.237966766	1.2534448	1.268656786
15	110.1251367	1.141934507	1.161521436	1.181107276	1.201252721	1.219897637	1.240744283	1.258057689	1.278515026	1.299262198
16	150.6649475	1.126353472	1.153009265	1.180307463	1.207421467	1.233628466	1.262002633	1.286315341	1.313969534	1.341969125
										
f(s)=s^(τ-2)*(P≥s)		g(s)=s^σ			p	d(f(2^16)-f(2^15)/d(g(2^16)-g(2^15))				
					0.05205	-0.000384339				
					0.05206	-0.028441407				
					0.05207	-1.97291E-05				
					0.05208	0.000152165				
					0.05209	0.0003387				
					0.0521	0.000524382				
					0.05211	0.000697035				
					0.05212	0.00087456				
					0.05213	0.001053456				
										
BCC-1345										
	s^σ	s^(τ-2)*(P≥s)								
log_2^(s)		0.04739	0.0474	0.04741	0.04742	0.04743	0.04744	0.04745	0.04746	0.04747
0	1	1	1	1	1	1	1	1	1	1
1	1.368124953	1.048644629	1.048992859	1.048933823	1.048784149	1.048737216	1.048884954	1.049049488	1.049027036	1.049064802
2	1.871765887	1.098241658	1.098704302	1.098633925	1.098742661	1.098869178	1.099074597	1.099099749	1.099476005	1.099243766
3	2.560809617	1.132404358	1.133058057	1.132810716	1.13307686	1.133304969	1.13400009	1.133897577	1.134326407	1.134153514
4	3.503507537	1.154699252	1.155014662	1.155249977	1.155738669	1.156047861	1.157098744	1.157102442	1.157552472	1.157665962
5	4.793236085	1.168237563	1.168731774	1.169362108	1.169544054	1.17094875	1.171479464	1.172168698	1.172705363	1.173132301
6	6.557745895	1.175658762	1.176852031	1.177446778	1.177929731	1.179880312	1.180104189	1.181688112	1.182613833	1.183164825
7	8.971815795	1.178506786	1.180773543	1.18114509	1.182458082	1.184944464	1.1855105	1.187403954	1.188918334	1.189995568
8	12.27456506	1.178366049	1.181475357	1.182310289	1.184216902	1.187428491	1.188741602	1.191318843	1.193540576	1.195112358
9	16.79313875	1.175401691	1.179305154	1.181424706	1.184518721	1.188399791	1.190065562	1.194063011	1.196690445	1.199877501
10	22.97511217	1.170360498	1.175615062	1.178519146	1.183003283	1.187798847	1.190879966	1.196033942	1.199531236	1.204434744
11	31.43282426	1.162413231	1.169564443	1.174179293	1.179634632	1.186335351	1.191758559	1.198562266	1.203100773	1.209816828
12	43.00403122	1.151943059	1.16078634	1.167496144	1.175527683	1.184119249	1.192366346	1.201499936	1.207333773	1.217124671
13	58.8348882	1.136393618	1.148976501	1.158349268	1.169107775	1.181368928	1.193044045	1.204940642	1.213463109	1.226248603
14	80.49347866	1.115927468	1.131719276	1.145822652	1.160782839	1.177865749	1.193042221	1.208948259	1.221901075	1.239610152
15	110.1251367	1.086803398	1.108213297	1.128285822	1.14934406	1.17133424	1.192954805	1.214690722	1.233598248	1.256871276
16	150.6649475	1.04817182	1.077429751	1.103956972	1.133793338	1.163954051	1.192945112	1.223122623	1.249993528	1.28167471
										
f(s)=s^(τ-2)*(P≥s)		g(s)=s^σ			p	d(f(2^16)-f(2^15)/d(g(2^16)-g(2^15))				
					0.04739	-0.000952929				
					0.0474	-0.026577079				
					0.04741	-0.000600122				
					0.04742	-0.000383591				
					0.04743	-0.000182048				
					0.04744	-2.39103E-07				
					0.04745	0.000207991				
					0.04746	0.000404424				
					0.04747	0.000611829				
										
BCC-2345										
	s^σ	s^(τ-2)*(P≥s)								
log_2^(s)		0.04754	0.04755	0.04756	0.04757	0.04758	0.04759	0.0476	0.04761	0.04762
0	1	1	1	1	1	1	1	1	1	1
1	1.368124953	1.04025234	1.040275751	1.040376209	1.040265378	1.040614742	1.040581887	1.040520474	1.040552536	1.040759721
2	1.871765887	1.089769338	1.089888874	1.090010437	1.08977106	1.090400992	1.090392996	1.090411103	1.090323897	1.090778116
3	2.560809617	1.125138852	1.125028096	1.125320966	1.125296601	1.126283352	1.126122306	1.126384748	1.126176162	1.126665669
4	3.503507537	1.147671447	1.147585431	1.148147623	1.148576166	1.149550397	1.149375373	1.150216681	1.149893395	1.150809004
5	4.793236085	1.161735998	1.161954327	1.162686601	1.163087865	1.16447561	1.164615585	1.165668451	1.165668479	1.16715948
6	6.557745895	1.169749377	1.170541914	1.171262105	1.171990305	1.173863766	1.174487102	1.175491948	1.176210902	1.178043481
7	8.971815795	1.173539176	1.175047768	1.176235175	1.177282314	1.17969491	1.180649213	1.182569399	1.183558594	1.185423946
8	12.27456506	1.174658514	1.17670425	1.178859351	1.180245688	1.183247392	1.185050533	1.187214587	1.189089026	1.191845015
9	16.79313875	1.173662968	1.176511883	1.179039459	1.181431421	1.185645711	1.188371003	1.191558706	1.19359895	1.197748985
10	22.97511217	1.170315255	1.174509292	1.178253494	1.18157542	1.187407608	1.191118429	1.19573438	1.198503082	1.203973693
11	31.43282426	1.165432358	1.171127089	1.176290565	1.18105142	1.188888547	1.194331117	1.200369544	1.204476703	1.211442145
12	43.00403122	1.158041476	1.166055577	1.17341474	1.179290118	1.190021194	1.198454476	1.206556323	1.21173018	1.222544343
13	58.8348882	1.147340364	1.158334874	1.168558108	1.178089637	1.191778073	1.203164211	1.214557868	1.22306508	1.236690173
14	80.49347866	1.133066238	1.14833163	1.162175352	1.175363883	1.194114272	1.210083755	1.225180709	1.238179647	1.256060402
15	110.1251367	1.112805378	1.134317334	1.152996858	1.172805696	1.196711856	1.218399502	1.239994131	1.25856239	1.281959847
16	150.6649475	1.086098423	1.114754069	1.14086908	1.169736959	1.201412215	1.230983221	1.259930635	1.286801931	1.317453263
										
f(s)=s^(τ-2)*(P≥s)		g(s)=s^σ			p	d(f(2^16)-f(2^15)/d(g(2^16)-g(2^15))				
					0.04754	-0.000658783				
					0.04755	-0.027497762				
					0.04756	-0.000299157				
					0.04757	-7.56969E-05				
					0.04758	0.000115944				
					0.04759	0.000310404				
					0.0476	0.000491776				
					0.04761	0.000696588				
					0.04762	0.00087552				
										
BCC-12345										
	s^σ	s^(τ-2)*(P≥s)								
log_2^(s)		0.04614	0.04615	0.04616	0.04617	0.04618	0.04619	0.0462	0.04621	0.04622
0	1	1	1	1	1	1	1	1	1	1
1	1.368124953	1.066159283	1.066214656	1.066540117	1.066569461	1.066440579	1.066701147	1.066336096	1.066652771	1.066634651
2	1.871765887	1.114962093	1.114746359	1.115163915	1.115371847	1.115348529	1.115754022	1.115409533	1.115570553	1.115663006
3	2.560809617	1.148026379	1.148276039	1.148566903	1.149141776	1.14920912	1.149577774	1.149527069	1.149564401	1.149774559
4	3.503507537	1.169411719	1.169984418	1.170440266	1.171348353	1.171568434	1.172017552	1.172250242	1.172299678	1.172854094
5	4.793236085	1.181846513	1.183383856	1.183976498	1.185267916	1.18546494	1.186557841	1.186821012	1.186909425	1.18796426
6	6.557745895	1.188853149	1.191040219	1.192451611	1.193676952	1.194025864	1.195214939	1.19563506	1.19642369	1.1980057
7	8.971815795	1.191834403	1.195311526	1.196477531	1.198436037	1.199323604	1.200350539	1.201957565	1.203133359	1.204781042
8	12.27456506	1.192111273	1.19676216	1.198360801	1.200900156	1.201797317	1.204137354	1.20579215	1.20854552	1.210374639
9	16.79313875	1.190106582	1.19585883	1.198341228	1.201619229	1.203648013	1.206975409	1.209575801	1.21285224	1.215683319
10	22.97511217	1.186884596	1.193273054	1.197329979	1.201243893	1.204467916	1.209351156	1.212840159	1.217911336	1.221819237
11	31.43282426	1.181060298	1.189288634	1.194778016	1.200918337	1.20561403	1.212106939	1.217486755	1.224436496	1.229939412
12	43.00403122	1.173273776	1.182779104	1.191184195	1.198987037	1.206004185	1.215645007	1.223423982	1.232224531	1.240257669
13	58.8348882	1.160637559	1.17443432	1.187010008	1.197198866	1.207498088	1.220463673	1.231575779	1.243388089	1.253943682
14	80.49347866	1.144499161	1.162037293	1.179586145	1.194994486	1.209487647	1.226203629	1.241690462	1.257429172	1.27329434
15	110.1251367	1.123030439	1.145401155	1.169549976	1.190351169	1.211622889	1.234618174	1.256205901	1.277568174	1.299501244
16	150.6649475	1.092882851	1.12444385	1.155471679	1.18506506	1.214545613	1.246039372	1.275764381	1.304891485	1.335723287
										
f(s)=s^(τ-2)*(P≥s)		g(s)=s^σ			p	d(f(2^16)-f(2^15)/d(g(2^16)-g(2^15))				
					0.04614	-0.000743654				
					0.04615	-0.027736781				
					0.04616	-0.000347271				
					0.04617	-0.000130393				
					0.04618	7.20952E-05				
					0.04619	0.000281728				
					0.0462	0.000482451				
					0.04621	0.000673987				
					0.04622	0.000893493				
